222
15567
6906.343812
0.0590 0.0360 0.0373 0.0445 0.0288 0.0296 0.0359 0.0787 0.0222 0.0552 0.0670 0.0349 0.0134 0.0276 0.0414 0.0593 0.0522 0.0162 0.0306 0.0692 0.1604
0.006 0.003 0.003 0.002 0.001 0.002 0.002 0.002 0.001 0.368 0.018 0.001 0.007 0.002 0.002 0.009 0.006 0.001 0.001 0.080 0.483  0.4190
0.022 0.004 0.005 0.003 0.001 0.005 0.004 0.005 0.004 0.107 0.033 0.005 0.011 0.021 0.002 0.019 0.025 0.002 0.014 0.238 0.468  0.5639
0.007 0.007 0.081 0.012 0.001 0.005 0.007 0.368 0.006 0.002 0.003 0.008 0.002 0.003 0.004 0.016 0.005 0.001 0.006 0.002 0.454  0.4622
0.008 0.004 0.004 0.007 0.001 0.002 0.004 0.496 0.001 0.001 0.002 0.002 0.001 0.001 0.003 0.008 0.003 0.001 0.001 0.004 0.444  0.3402
0.017 0.040 0.029 0.023 0.001 0.051 0.067 0.011 0.018 0.015 0.012 0.041 0.007 0.011 0.003 0.055 0.076 0.010 0.020 0.040 0.451  0.7131
0.032 0.021 0.042 0.079 0.001 0.023 0.107 0.004 0.004 0.017 0.020 0.030 0.003 0.007 0.060 0.021 0.036 0.001 0.009 0.035 0.447  0.6914
0.293 0.003 0.005 0.009 0.014 0.002 0.005 0.007 0.002 0.015 0.007 0.003 0.002 0.003 0.008 0.048 0.068 0.000 0.001 0.075 0.430  0.5478
0.050 0.038 0.030 0.042 0.002 0.031 0.053 0.026 0.007 0.014 0.023 0.057 0.005 0.004 0.045 0.057 0.046 0.001 0.010 0.035 0.423  0.7408
0.048 0.035 0.012 0.021 0.001 0.019 0.047 0.007 0.006 0.067 0.047 0.037 0.007 0.013 0.130 0.025 0.022 0.004 0.007 0.038 0.406  0.7279
0.023 0.018 0.077 0.029 0.008 0.011 0.031 0.246 0.047 0.004 0.009 0.020 0.003 0.008 0.005 0.035 0.026 0.002 0.012 0.005 0.383  0.6669
0.061 0.032 0.024 0.049 0.001 0.079 0.166 0.011 0.008 0.005 0.010 0.035 0.007 0.004 0.008 0.102 0.026 0.001 0.004 0.009 0.359  0.7085
0.037 0.016 0.009 0.003 0.006 0.011 0.004 0.005 0.035 0.021 0.029 0.006 0.007 0.172 0.005 0.011 0.007 0.151 0.106 0.023 0.337  0.6978
0.014 0.010 0.005 0.004 0.001 0.005 0.003 0.009 0.001 0.003 0.007 0.013 0.002 0.001 0.576 0.017 0.011 0.000 0.001 0.005 0.312  0.3987
0.011 0.002 0.002 0.001 0.001 0.003 0.002 0.008 0.033 0.001 0.005 0.001 0.005 0.088 0.002 0.023 0.004 0.364 0.134 0.003 0.306  0.5546
0.036 0.006 0.009 0.003 0.001 0.201 0.005 0.003 0.035 0.068 0.061 0.004 0.133 0.012 0.001 0.015 0.034 0.001 0.007 0.068 0.299  0.7093
0.225 0.003 0.002 0.001 0.005 0.002 0.002 0.022 0.001 0.029 0.018 0.003 0.004 0.002 0.002 0.009 0.019 0.001 0.002 0.355 0.294  0.5291
0.131 0.037 0.008 0.006 0.002 0.020 0.009 0.055 0.010 0.020 0.064 0.020 0.016 0.020 0.004 0.215 0.019 0.002 0.024 0.023 0.293  0.7405
0.005 0.005 0.002 0.001 0.003 0.002 0.003 0.008 0.001 0.191 0.342 0.002 0.016 0.019 0.003 0.005 0.006 0.001 0.005 0.086 0.292  0.5543
0.018 0.099 0.041 0.019 0.003 0.082 0.029 0.050 0.026 0.025 0.052 0.035 0.014 0.032 0.010 0.038 0.031 0.006 0.051 0.029 0.311  0.8312
0.024 0.049 0.057 0.052 0.002 0.025 0.031 0.053 0.015 0.029 0.032 0.038 0.010 0.027 0.014 0.080 0.048 0.008 0.058 0.032 0.316  0.8374
0.022 0.040 0.057 0.043 0.002 0.020 0.033 0.181 0.010 0.021 0.023 0.042 0.005 0.019 0.020 0.057 0.031 0.013 0.032 0.016 0.314  0.7931
0.031 0.069 0.044 0.031 0.002 0.046 0.050 0.070 0.016 0.022 0.028 0.059 0.013 0.030 0.017 0.080 0.048 0.006 0.037 0.037 0.263  0.8703
0.026 0.023 0.022 0.010 0.002 0.036 0.014 0.036 0.198 0.018 0.042 0.013 0.009 0.093 0.030 0.048 0.027 0.026 0.075 0.028 0.222  0.8357
0.030 0.049 0.020 0.009 0.002 0.026 0.010 0.022 0.028 0.096 0.093 0.029 0.020 0.149 0.006 0.043 0.037 0.023 0.044 0.074 0.189  0.8680
0.011 0.001 0.001 0.001 0.786 0.000 0.001 0.032 0.001 0.001 0.003 0.001 0.000 0.003 0.001 0.006 0.003 0.000 0.001 0.002 0.141  0.2633
0.054 0.004 0.009 0.005 0.003 0.005 0.003 0.539 0.005 0.003 0.009 0.003 0.007 0.004 0.003 0.103 0.083 0.001 0.004 0.015 0.135  0.5354
0.124 0.002 0.001 0.001 0.005 0.001 0.001 0.702 0.000 0.001 0.003 0.000 0.001 0.000 0.001 0.014 0.002 0.000 0.000 0.007 0.133  0.3269
0.115 0.001 0.006 0.001 0.004 0.002 0.001 0.004 0.001 0.018 0.006 0.001 0.004 0.025 0.001 0.316 0.249 0.004 0.002 0.107 0.131  0.6079
0.010 0.002 0.000 0.000 0.001 0.005 0.001 0.001 0.001 0.200 0.544 0.002 0.011 0.015 0.002 0.002 0.002 0.001 0.009 0.060 0.130  0.4644
0.003 0.001 0.001 0.001 0.001 0.001 0.000 0.001 0.001 0.557 0.123 0.001 0.003 0.006 0.001 0.002 0.003 0.001 0.015 0.149 0.129  0.4459
0.110 0.017 0.114 0.082 0.003 0.010 0.009 0.061 0.057 0.001 0.003 0.015 0.001 0.002 0.003 0.283 0.083 0.003 0.004 0.002 0.137  0.7266
0.041 0.053 0.067 0.094 0.001 0.033 0.112 0.015 0.017 0.003 0.009 0.064 0.003 0.003 0.197 0.101 0.034 0.001 0.007 0.007 0.139  0.8103
0.008 0.235 0.103 0.073 0.010 0.097 0.043 0.019 0.023 0.006 0.022 0.069 0.006 0.009 0.002 0.052 0.056 0.012 0.025 0.006 0.126  0.8227
0.017 0.016 0.004 0.002 0.003 0.005 0.002 0.001 0.111 0.026 0.046 0.017 0.006 0.096 0.001 0.010 0.042 0.297 0.117 0.061 0.120  0.7411
0.039 0.001 0.001 0.000 0.002 0.000 0.000 0.003 0.000 0.211 0.058 0.001 0.005 0.008 0.002 0.003 0.003 0.001 0.001 0.542 0.118  0.4554
0.013 0.001 0.001 0.000 0.001 0.001 0.001 0.001 0.001 0.099 0.600 0.000 0.025 0.004 0.001 0.002 0.001 0.000 0.002 0.130 0.114  0.4317
0.011 0.001 0.002 0.002 0.003 0.001 0.001 0.005 0.000 0.006 0.005 0.001 0.002 0.002 0.002 0.086 0.753 0.000 0.002 0.005 0.110  0.3102
0.708 0.003 0.007 0.003 0.004 0.001 0.002 0.007 0.000 0.003 0.005 0.002 0.001 0.002 0.011 0.067 0.042 0.000 0.001 0.019 0.109  0.3838
0.692 0.017 0.006 0.004 0.008 0.004 0.004 0.072 0.003 0.001 0.005 0.014 0.001 0.003 0.003 0.031 0.011 0.001 0.004 0.006 0.109  0.4151
0.010 0.018 0.013 0.010 0.001 0.027 0.008 0.007 0.689 0.004 0.006 0.005 0.001 0.003 0.002 0.059 0.011 0.001 0.009 0.004 0.109  0.4302
0.006 0.003 0.007 0.003 0.810 0.001 0.001 0.004 0.001 0.008 0.008 0.004 0.001 0.004 0.002 0.006 0.004 0.001 0.002 0.017 0.109  0.2721
0.036 0.007 0.008 0.004 0.014 0.004 0.004 0.011 0.004 0.104 0.146 0.008 0.021 0.152 0.004 0.011 0.051 0.009 0.015 0.272 0.113  0.7385
0.060 0.049 0.040 0.073 0.007 0.045 0.067 0.032 0.031 0.033 0.045 0.068 0.017 0.035 0.034 0.060 0.059 0.017 0.049 0.058 0.120  0.9589
0.040 0.046 0.083 0.104 0.002 0.027 0.057 0.095 0.020 0.012 0.023 0.057 0.006 0.013 0.033 0.135 0.049 0.005 0.019 0.017 0.158  0.8764
0.046 0.066 0.071 0.078 0.002 0.044 0.055 0.068 0.017 0.023 0.046 0.058 0.010 0.018 0.036 0.084 0.040 0.005 0.024 0.029 0.177  0.9086
0.030 0.022 0.023 0.025 0.003 0.010 0.018 0.021 0.011 0.107 0.142 0.028 0.027 0.069 0.017 0.034 0.043 0.042 0.074 0.083 0.169  0.8832
0.035 0.089 0.032 0.028 0.002 0.049 0.048 0.025 0.021 0.037 0.047 0.079 0.014 0.032 0.017 0.079 0.110 0.010 0.031 0.067 0.147  0.9165
0.082 0.007 0.007 0.007 0.003 0.006 0.007 0.009 0.003 0.117 0.051 0.009 0.009 0.021 0.005 0.016 0.016 0.003 0.011 0.476 0.133  0.6160
0.036 0.216 0.016 0.012 0.003 0.032 0.017 0.018 0.027 0.055 0.058 0.041 0.011 0.028 0.010 0.030 0.047 0.010 0.060 0.125 0.148  0.8512
0.122 0.007 0.006 0.006 0.003 0.005 0.004 0.017 0.005 0.069 0.307 0.006 0.024 0.061 0.018 0.018 0.022 0.004 0.024 0.153 0.120  0.7315
0.026 0.017 0.024 0.015 0.001 0.008 0.012 0.657 0.006 0.006 0.011 0.012 0.003 0.012 0.012 0.022 0.012 0.002 0.009 0.012 0.121  0.4866
0.087 0.042 0.020 0.075 0.004 0.019 0.138 0.039 0.009 0.033 0.041 0.052 0.018 0.017 0.015 0.107 0.075 0.003 0.014 0.059 0.132  0.8892
0.029 0.027 0.058 0.041 0.002 0.022 0.022 0.025 0.168 0.031 0.067 0.017 0.005 0.030 0.017 0.052 0.076 0.043 0.083 0.049 0.136  0.8994
0.030 0.048 0.161 0.203 0.011 0.029 0.032 0.026 0.026 0.013 0.023 0.041 0.006 0.016 0.011 0.070 0.043 0.006 0.035 0.025 0.147  0.8469
0.026 0.082 0.021 0.009 0.005 0.029 0.012 0.020 0.010 0.102 0.238 0.027 0.020 0.037 0.016 0.032 0.056 0.012 0.027 0.069 0.151  0.8403
0.036 0.058 0.096 0.073 0.004 0.030 0.040 0.041 0.015 0.020 0.041 0.058 0.008 0.022 0.019 0.114 0.079 0.006 0.026 0.022 0.189  0.8874
0.044 0.041 0.051 0.051 0.005 0.034 0.046 0.052 0.016 0.037 0.041 0.049 0.008 0.020 0.031 0.082 0.073 0.005 0.018 0.070 0.225  0.8928
0.038 0.035 0.048 0.065 0.005 0.026 0.044 0.039 0.013 0.029 0.047 0.035 0.011 0.028 0.060 0.053 0.067 0.006 0.025 0.055 0.269  0.8760
0.051 0.026 0.052 0.120 0.007 0.021 0.119 0.057 0.011 0.016 0.026 0.029 0.008 0.017 0.032 0.086 0.054 0.003 0.014 0.025 0.226  0.8512
0.050 0.029 0.040 0.086 0.009 0.025 0.071 0.141 0.009 0.012 0.021 0.040 0.005 0.011 0.072 0.070 0.046 0.006 0.012 0.019 0.226  0.8493
0.040 0.036 0.073 0.060 0.010 0.032 0.044 0.102 0.027 0.013 0.017 0.036 0.007 0.016 0.049 0.073 0.087 0.005 0.025 0.021 0.227  0.8758
0.065 0.048 0.022 0.026 0.003 0.043 0.138 0.114 0.026 0.020 0.024 0.031 0.009 0.012 0.036 0.058 0.060 0.004 0.019 0.052 0.191  0.8740
0.029 0.053 0.024 0.028 0.005 0.232 0.071 0.017 0.016 0.046 0.039 0.051 0.012 0.018 0.020 0.030 0.046 0.004 0.017 0.082 0.158  0.8535
0.029 0.073 0.028 0.069 0.005 0.035 0.070 0.013 0.020 0.067 0.063 0.051 0.014 0.039 0.018 0.051 0.081 0.009 0.033 0.098 0.134  0.9254
0.043 0.135 0.011 0.007 0.003 0.014 0.010 0.008 0.041 0.143 0.077 0.021 0.024 0.074 0.007 0.039 0.022 0.003 0.087 0.126 0.105  0.8518
0.062 0.103 0.061 0.062 0.001 0.044 0.066 0.061 0.016 0.013 0.027 0.092 0.007 0.014 0.071 0.082 0.065 0.003 0.023 0.028 0.097  0.9151
0.080 0.010 0.006 0.007 0.003 0.007 0.010 0.017 0.004 0.185 0.035 0.011 0.006 0.008 0.027 0.032 0.027 0.002 0.006 0.433 0.084  0.6466
0.091 0.059 0.028 0.061 0.002 0.047 0.126 0.022 0.011 0.037 0.031 0.118 0.006 0.008 0.006 0.127 0.060 0.002 0.009 0.073 0.077  0.8735
0.052 0.142 0.055 0.055 0.003 0.079 0.114 0.021 0.026 0.009 0.017 0.176 0.008 0.008 0.004 0.087 0.041 0.004 0.015 0.011 0.073  0.8472
0.052 0.019 0.008 0.004 0.008 0.011 0.011 0.009 0.008 0.307 0.060 0.023 0.020 0.060 0.005 0.034 0.039 0.012 0.037 0.201 0.072  0.7643
0.024 0.027 0.009 0.007 0.005 0.013 0.018 0.003 0.049 0.282 0.056 0.033 0.011 0.078 0.003 0.017 0.054 0.012 0.077 0.138 0.082  0.8021
0.029 0.064 0.022 0.006 0.013 0.023 0.014 0.008 0.010 0.179 0.086 0.046 0.030 0.026 0.064 0.036 0.053 0.005 0.028 0.192 0.065  0.8598
0.016 0.014 0.039 0.015 0.001 0.008 0.008 0.012 0.675 0.007 0.012 0.009 0.005 0.014 0.036 0.021 0.010 0.002 0.028 0.011 0.057  0.4951
0.029 0.023 0.019 0.029 0.003 0.023 0.134 0.024 0.017 0.007 0.008 0.040 0.004 0.006 0.483 0.047 0.015 0.003 0.007 0.008 0.070  0.6538
0.033 0.050 0.126 0.147 0.004 0.067 0.089 0.096 0.021 0.005 0.043 0.080 0.009 0.013 0.007 0.071 0.019 0.002 0.020 0.008 0.089  0.8665
0.009 0.006 0.009 0.005 0.010 0.004 0.005 0.005 0.016 0.006 0.014 0.004 0.002 0.225 0.003 0.012 0.006 0.049 0.501 0.008 0.100  0.5440
0.022 0.052 0.215 0.159 0.003 0.028 0.034 0.029 0.017 0.019 0.020 0.058 0.006 0.010 0.012 0.090 0.054 0.002 0.014 0.037 0.118  0.8327
0.064 0.055 0.041 0.047 0.006 0.032 0.046 0.060 0.020 0.023 0.032 0.055 0.011 0.026 0.130 0.106 0.046 0.006 0.026 0.027 0.143  0.9140
0.050 0.059 0.071 0.062 0.014 0.033 0.054 0.064 0.017 0.028 0.036 0.051 0.007 0.027 0.047 0.085 0.065 0.008 0.019 0.034 0.170  0.9245
0.040 0.041 0.083 0.044 0.005 0.024 0.031 0.047 0.016 0.023 0.040 0.043 0.007 0.022 0.028 0.100 0.197 0.005 0.017 0.026 0.161  0.8682
0.036 0.036 0.041 0.021 0.004 0.029 0.016 0.043 0.040 0.046 0.141 0.054 0.039 0.093 0.031 0.047 0.028 0.013 0.089 0.043 0.110  0.9293
0.067 0.057 0.067 0.137 0.001 0.049 0.083 0.068 0.036 0.027 0.040 0.050 0.009 0.018 0.030 0.062 0.046 0.005 0.065 0.036 0.046  0.9332
0.037 0.021 0.435 0.052 0.002 0.011 0.010 0.038 0.102 0.006 0.008 0.015 0.007 0.034 0.004 0.051 0.014 0.005 0.107 0.006 0.035  0.6948
0.003 0.003 0.067 0.861 0.001 0.003 0.003 0.011 0.002 0.001 0.002 0.003 0.001 0.001 0.003 0.006 0.004 0.000 0.002 0.001 0.023  0.2208
0.014 0.001 0.001 0.001 0.002 0.001 0.000 0.001 0.001 0.576 0.148 0.001 0.013 0.037 0.002 0.003 0.003 0.010 0.012 0.150 0.022  0.4667
0.728 0.002 0.002 0.002 0.025 0.002 0.003 0.085 0.001 0.003 0.009 0.002 0.034 0.001 0.002 0.037 0.017 0.000 0.001 0.024 0.022  0.3861
0.007 0.001 0.001 0.001 0.000 0.001 0.001 0.001 0.000 0.157 0.613 0.001 0.030 0.008 0.001 0.002 0.004 0.001 0.003 0.146 0.020  0.4110
0.026 0.001 0.000 0.001 0.005 0.000 0.001 0.002 0.000 0.258 0.447 0.001 0.034 0.021 0.001 0.002 0.001 0.002 0.004 0.171 0.019  0.4981
0.010 0.193 0.006 0.005 0.001 0.071 0.148 0.003 0.033 0.032 0.035 0.279 0.008 0.024 0.001 0.008 0.052 0.003 0.016 0.041 0.029  0.7429
0.006 0.001 0.001 0.001 0.001 0.001 0.002 0.002 0.001 0.048 0.734 0.001 0.032 0.024 0.003 0.005 0.043 0.001 0.001 0.063 0.030  0.3764
0.120 0.047 0.069 0.116 0.002 0.039 0.127 0.017 0.012 0.007 0.012 0.119 0.006 0.004 0.042 0.142 0.050 0.002 0.007 0.024 0.036  0.8420
0.044 0.131 0.040 0.047 0.002 0.067 0.126 0.039 0.024 0.009 0.013 0.117 0.005 0.007 0.024 0.121 0.109 0.003 0.012 0.019 0.039  0.8618
0.070 0.042 0.043 0.069 0.002 0.016 0.060 0.014 0.011 0.010 0.012 0.060 0.004 0.005 0.406 0.084 0.034 0.001 0.008 0.016 0.033  0.7319
0.103 0.004 0.006 0.007 0.002 0.002 0.005 0.005 0.002 0.174 0.135 0.007 0.021 0.080 0.018 0.025 0.013 0.003 0.007 0.323 0.057  0.6927
0.037 0.048 0.068 0.057 0.001 0.055 0.098 0.021 0.012 0.036 0.025 0.079 0.007 0.011 0.081 0.075 0.130 0.002 0.009 0.061 0.087  0.9001
0.021 0.013 0.013 0.014 0.007 0.011 0.022 0.020 0.007 0.056 0.163 0.012 0.022 0.281 0.023 0.018 0.025 0.011 0.107 0.033 0.120  0.7866
0.027 0.021 0.171 0.061 0.002 0.019 0.017 0.071 0.009 0.011 0.009 0.030 0.003 0.007 0.024 0.207 0.170 0.002 0.007 0.013 0.120  0.7754
0.059 0.047 0.064 0.166 0.002 0.038 0.090 0.031 0.014 0.012 0.017 0.069 0.007 0.007 0.090 0.087 0.047 0.002 0.012 0.022 0.119  0.8713
0.048 0.055 0.089 0.039 0.009 0.019 0.026 0.044 0.065 0.016 0.035 0.044 0.008 0.066 0.024 0.053 0.072 0.011 0.133 0.028 0.115  0.9252
0.045 0.011 0.005 0.005 0.002 0.009 0.004 0.012 0.004 0.296 0.049 0.011 0.011 0.023 0.014 0.019 0.037 0.003 0.016 0.349 0.076  0.6541
0.067 0.150 0.038 0.019 0.005 0.171 0.023 0.051 0.019 0.027 0.049 0.088 0.017 0.010 0.022 0.076 0.038 0.007 0.015 0.032 0.076  0.8822
0.050 0.020 0.009 0.007 0.005 0.010 0.007 0.014 0.009 0.030 0.034 0.022 0.005 0.013 0.563 0.031 0.054 0.004 0.023 0.035 0.055  0.6167
0.164 0.005 0.004 0.003 0.004 0.003 0.003 0.009 0.002 0.377 0.076 0.003 0.011 0.013 0.011 0.013 0.011 0.001 0.006 0.233 0.047  0.6051
0.057 0.041 0.024 0.019 0.505 0.023 0.031 0.017 0.005 0.010 0.014 0.040 0.002 0.004 0.063 0.047 0.034 0.001 0.005 0.014 0.045  0.6655
0.013 0.008 0.006 0.005 0.001 0.007 0.005 0.005 0.002 0.090 0.643 0.004 0.033 0.024 0.011 0.012 0.015 0.004 0.012 0.055 0.045  0.4996
0.117 0.013 0.027 0.039 0.006 0.016 0.017 0.027 0.009 0.012 0.028 0.008 0.005 0.009 0.483 0.049 0.020 0.034 0.018 0.019 0.045  0.6813
0.063 0.045 0.056 0.081 0.004 0.035 0.080 0.035 0.014 0.021 0.042 0.051 0.009 0.031 0.074 0.119 0.116 0.012 0.018 0.032 0.062  0.9255
0.096 0.051 0.051 0.067 0.004 0.047 0.072 0.052 0.016 0.019 0.037 0.066 0.009 0.018 0.066 0.125 0.066 0.004 0.019 0.030 0.085  0.9224
0.053 0.038 0.076 0.115 0.024 0.032 0.079 0.068 0.020 0.021 0.042 0.039 0.013 0.019 0.059 0.085 0.052 0.005 0.021 0.032 0.108  0.9338
0.059 0.019 0.038 0.066 0.001 0.026 0.066 0.017 0.013 0.048 0.103 0.024 0.015 0.055 0.112 0.057 0.060 0.004 0.029 0.081 0.106  0.9156
0.069 0.043 0.037 0.045 0.002 0.040 0.068 0.021 0.019 0.038 0.076 0.059 0.014 0.054 0.115 0.069 0.051 0.008 0.050 0.050 0.072  0.9459
0.118 0.032 0.052 0.071 0.002 0.022 0.076 0.026 0.015 0.041 0.056 0.032 0.006 0.023 0.125 0.060 0.060 0.003 0.017 0.097 0.066  0.9072
0.028 0.027 0.104 0.062 0.002 0.023 0.034 0.412 0.014 0.012 0.023 0.033 0.005 0.014 0.026 0.050 0.030 0.006 0.019 0.015 0.060  0.7471
0.066 0.055 0.033 0.069 0.002 0.072 0.084 0.037 0.016 0.019 0.034 0.076 0.021 0.011 0.019 0.102 0.170 0.005 0.022 0.038 0.047  0.9004
0.041 0.070 0.071 0.056 0.002 0.051 0.078 0.019 0.016 0.038 0.062 0.088 0.030 0.017 0.057 0.077 0.100 0.013 0.020 0.056 0.036  0.9415
0.146 0.002 0.004 0.003 0.282 0.003 0.004 0.103 0.003 0.026 0.113 0.003 0.017 0.039 0.011 0.023 0.024 0.004 0.020 0.126 0.045  0.7420
0.020 0.042 0.015 0.014 0.001 0.032 0.028 0.005 0.018 0.087 0.068 0.040 0.019 0.062 0.003 0.037 0.193 0.072 0.082 0.115 0.047  0.8745
0.154 0.005 0.004 0.001 0.003 0.004 0.004 0.009 0.003 0.165 0.085 0.003 0.023 0.032 0.004 0.027 0.053 0.001 0.011 0.376 0.031  0.6580
0.211 0.010 0.008 0.003 0.010 0.005 0.002 0.010 0.004 0.067 0.057 0.004 0.030 0.024 0.010 0.173 0.201 0.002 0.031 0.108 0.029  0.7490
0.016 0.007 0.003 0.004 0.001 0.003 0.004 0.871 0.002 0.002 0.004 0.002 0.001 0.003 0.002 0.017 0.011 0.001 0.003 0.008 0.034  0.2300
0.005 0.008 0.004 0.002 0.004 0.002 0.002 0.004 0.010 0.006 0.014 0.002 0.004 0.109 0.003 0.007 0.004 0.676 0.095 0.007 0.032  0.4217
0.013 0.008 0.014 0.018 0.001 0.005 0.009 0.804 0.003 0.003 0.007 0.011 0.003 0.003 0.017 0.020 0.010 0.001 0.004 0.005 0.039  0.3323
0.089 0.139 0.042 0.040 0.005 0.043 0.025 0.022 0.024 0.032 0.078 0.093 0.017 0.023 0.013 0.078 0.075 0.007 0.046 0.047 0.063  0.9225
0.024 0.025 0.051 0.061 0.002 0.027 0.025 0.024 0.012 0.057 0.087 0.023 0.020 0.013 0.018 0.046 0.364 0.002 0.015 0.049 0.055  0.7910
0.056 0.061 0.059 0.071 0.006 0.044 0.124 0.080 0.017 0.019 0.031 0.074 0.007 0.016 0.022 0.134 0.056 0.006 0.021 0.024 0.074  0.9090
0.049 0.025 0.063 0.077 0.002 0.034 0.123 0.046 0.022 0.019 0.032 0.038 0.008 0.050 0.056 0.096 0.070 0.008 0.040 0.029 0.111  0.9237
0.043 0.035 0.089 0.083 0.003 0.030 0.057 0.179 0.020 0.015 0.022 0.038 0.007 0.020 0.025 0.080 0.051 0.005 0.019 0.019 0.157  0.8696
0.048 0.028 0.042 0.053 0.005 0.022 0.038 0.249 0.010 0.016 0.019 0.034 0.005 0.010 0.027 0.064 0.038 0.012 0.010 0.029 0.241  0.7992
0.038 0.035 0.043 0.036 0.003 0.031 0.037 0.108 0.010 0.021 0.039 0.037 0.007 0.020 0.052 0.067 0.061 0.003 0.015 0.034 0.304  0.8324
0.041 0.036 0.041 0.036 0.003 0.032 0.046 0.045 0.013 0.023 0.032 0.056 0.010 0.014 0.068 0.110 0.063 0.003 0.016 0.036 0.277  0.8487
0.047 0.027 0.023 0.016 0.002 0.023 0.022 0.041 0.014 0.042 0.098 0.020 0.020 0.040 0.060 0.093 0.057 0.005 0.063 0.048 0.241  0.8709
0.077 0.022 0.030 0.019 0.001 0.027 0.021 0.024 0.008 0.011 0.018 0.018 0.005 0.007 0.180 0.249 0.060 0.002 0.009 0.023 0.187  0.7618
0.040 0.053 0.100 0.137 0.005 0.049 0.067 0.043 0.019 0.014 0.024 0.052 0.009 0.011 0.059 0.084 0.069 0.004 0.019 0.026 0.115  0.9029
0.033 0.056 0.037 0.029 0.004 0.041 0.050 0.018 0.026 0.105 0.070 0.061 0.014 0.020 0.017 0.036 0.099 0.005 0.028 0.158 0.092  0.9056
0.015 0.017 0.007 0.003 0.002 0.019 0.006 0.004 0.010 0.026 0.659 0.025 0.036 0.013 0.023 0.012 0.009 0.002 0.008 0.029 0.074  0.5065
0.012 0.153 0.030 0.010 0.001 0.261 0.022 0.010 0.048 0.009 0.094 0.118 0.049 0.009 0.008 0.026 0.022 0.006 0.018 0.014 0.079  0.7943
0.051 0.046 0.014 0.017 0.020 0.108 0.175 0.021 0.028 0.015 0.018 0.145 0.020 0.024 0.007 0.052 0.045 0.013 0.053 0.042 0.085  0.8862
0.209 0.014 0.012 0.010 0.001 0.008 0.013 0.050 0.006 0.069 0.090 0.011 0.018 0.011 0.005 0.028 0.076 0.003 0.011 0.286 0.069  0.7468
0.037 0.059 0.081 0.117 0.002 0.072 0.109 0.027 0.019 0.021 0.027 0.067 0.011 0.012 0.033 0.079 0.096 0.006 0.019 0.040 0.067  0.9104
0.039 0.008 0.013 0.006 0.003 0.016 0.007 0.016 0.004 0.085 0.257 0.008 0.050 0.024 0.007 0.015 0.040 0.001 0.010 0.326 0.066  0.6950
0.027 0.059 0.050 0.040 0.001 0.055 0.050 0.017 0.017 0.017 0.021 0.076 0.008 0.011 0.288 0.062 0.089 0.005 0.018 0.024 0.066  0.8357
0.028 0.020 0.011 0.005 0.003 0.009 0.010 0.015 0.008 0.253 0.150 0.020 0.019 0.032 0.013 0.019 0.040 0.002 0.042 0.238 0.064  0.7482
0.025 0.023 0.008 0.010 0.001 0.031 0.012 0.008 0.009 0.209 0.155 0.016 0.052 0.031 0.007 0.018 0.030 0.023 0.031 0.229 0.071  0.7850
0.045 0.024 0.078 0.162 0.002 0.014 0.053 0.042 0.011 0.005 0.014 0.027 0.003 0.004 0.115 0.234 0.073 0.001 0.007 0.009 0.077  0.7924
0.029 0.093 0.172 0.068 0.004 0.071 0.037 0.022 0.047 0.027 0.055 0.043 0.013 0.024 0.045 0.056 0.052 0.010 0.031 0.025 0.076  0.9207
0.104 0.042 0.058 0.107 0.004 0.057 0.151 0.036 0.009 0.012 0.019 0.073 0.006 0.010 0.019 0.117 0.061 0.005 0.013 0.020 0.076  0.8728
0.049 0.048 0.036 0.093 0.004 0.070 0.153 0.016 0.012 0.032 0.043 0.080 0.011 0.017 0.011 0.045 0.097 0.006 0.021 0.071 0.083  0.8994
0.011 0.006 0.006 0.006 0.802 0.003 0.005 0.012 0.004 0.005 0.009 0.005 0.002 0.006 0.004 0.009 0.008 0.002 0.007 0.009 0.080  0.3163
0.072 0.116 0.108 0.037 0.004 0.100 0.068 0.030 0.015 0.029 0.042 0.093 0.011 0.013 0.013 0.080 0.037 0.004 0.014 0.029 0.086  0.9005
0.082 0.091 0.061 0.059 0.011 0.073 0.087 0.027 0.014 0.022 0.040 0.106 0.009 0.011 0.016 0.101 0.044 0.005 0.012 0.022 0.107  0.9036
0.108 0.055 0.035 0.029 0.003 0.043 0.036 0.026 0.019 0.048 0.071 0.058 0.026 0.038 0.015 0.100 0.052 0.015 0.044 0.052 0.126  0.9341
0.027 0.017 0.027 0.021 0.003 0.010 0.013 0.023 0.027 0.034 0.107 0.013 0.021 0.106 0.011 0.037 0.029 0.039 0.274 0.028 0.134  0.8216
0.053 0.069 0.056 0.037 0.003 0.039 0.040 0.115 0.018 0.016 0.026 0.055 0.008 0.017 0.096 0.074 0.032 0.012 0.024 0.021 0.187  0.8912
0.039 0.048 0.064 0.056 0.003 0.033 0.046 0.135 0.019 0.021 0.031 0.049 0.008 0.022 0.033 0.074 0.040 0.008 0.024 0.027 0.220  0.8792
0.041 0.049 0.044 0.035 0.003 0.046 0.045 0.055 0.017 0.050 0.055 0.046 0.015 0.052 0.041 0.056 0.065 0.008 0.046 0.049 0.183  0.9302
0.024 0.016 0.028 0.030 0.004 0.011 0.014 0.015 0.009 0.238 0.153 0.013 0.014 0.045 0.017 0.027 0.027 0.005 0.017 0.138 0.155  0.7893
0.033 0.039 0.044 0.077 0.003 0.029 0.034 0.038 0.034 0.024 0.044 0.043 0.009 0.018 0.056 0.082 0.213 0.006 0.022 0.025 0.128  0.8831
0.049 0.036 0.071 0.173 0.001 0.033 0.120 0.037 0.014 0.014 0.015 0.051 0.004 0.008 0.082 0.102 0.042 0.003 0.013 0.017 0.116  0.8571
0.027 0.064 0.126 0.083 0.002 0.029 0.036 0.083 0.026 0.012 0.017 0.048 0.005 0.011 0.010 0.151 0.118 0.005 0.019 0.016 0.112  0.8599
0.023 0.011 0.042 0.013 0.003 0.129 0.032 0.012 0.058 0.033 0.040 0.031 0.282 0.045 0.005 0.029 0.055 0.004 0.014 0.042 0.098  0.8242
0.009 0.005 0.003 0.006 0.004 0.006 0.005 0.006 0.003 0.261 0.247 0.004 0.061 0.152 0.002 0.008 0.011 0.004 0.015 0.093 0.095  0.6734
0.011 0.004 0.005 0.009 0.792 0.002 0.003 0.007 0.003 0.007 0.010 0.004 0.003 0.004 0.002 0.009 0.007 0.003 0.005 0.009 0.099  0.3151
0.528 0.004 0.004 0.006 0.010 0.004 0.007 0.033 0.003 0.026 0.030 0.003 0.009 0.014 0.007 0.030 0.094 0.002 0.007 0.065 0.113  0.5915
0.046 0.028 0.018 0.027 0.004 0.017 0.025 0.464 0.009 0.017 0.025 0.033 0.008 0.013 0.007 0.053 0.026 0.005 0.022 0.021 0.131  0.6921
0.043 0.025 0.046 0.063 0.003 0.016 0.028 0.140 0.030 0.020 0.034 0.017 0.006 0.046 0.034 0.079 0.044 0.006 0.106 0.031 0.184  0.8812
0.052 0.039 0.025 0.039 0.003 0.029 0.061 0.039 0.011 0.031 0.081 0.046 0.018 0.020 0.080 0.050 0.046 0.009 0.019 0.046 0.255  0.8770
0.050 0.042 0.060 0.076 0.003 0.048 0.130 0.056 0.012 0.012 0.021 0.049 0.006 0.010 0.028 0.061 0.058 0.003 0.013 0.022 0.239  0.8492
0.040 0.027 0.056 0.045 0.002 0.022 0.043 0.298 0.009 0.012 0.025 0.041 0.007 0.009 0.035 0.041 0.033 0.004 0.015 0.018 0.216  0.7781
0.029 0.041 0.059 0.051 0.002 0.027 0.043 0.338 0.016 0.014 0.020 0.055 0.007 0.009 0.019 0.047 0.040 0.004 0.010 0.022 0.147  0.7821
0.061 0.086 0.031 0.028 0.003 0.050 0.040 0.048 0.021 0.047 0.019 0.201 0.013 0.007 0.027 0.061 0.069 0.001 0.010 0.075 0.103  0.8780
0.047 0.019 0.043 0.387 0.002 0.013 0.018 0.139 0.011 0.010 0.014 0.010 0.005 0.007 0.011 0.102 0.037 0.001 0.008 0.013 0.102  0.7026
0.213 0.007 0.011 0.010 0.019 0.009 0.007 0.020 0.005 0.056 0.035 0.006 0.009 0.018 0.057 0.176 0.167 0.002 0.006 0.065 0.100  0.7762
0.014 0.013 0.009 0.008 0.743 0.009 0.008 0.017 0.004 0.003 0.012 0.005 0.004 0.011 0.005 0.014 0.010 0.003 0.009 0.007 0.092  0.3950
0.032 0.045 0.074 0.030 0.001 0.247 0.037 0.054 0.031 0.015 0.030 0.079 0.014 0.027 0.036 0.066 0.035 0.006 0.027 0.022 0.092  0.8740
0.016 0.013 0.011 0.022 0.001 0.006 0.009 0.697 0.005 0.008 0.015 0.008 0.009 0.012 0.009 0.022 0.011 0.003 0.016 0.019 0.087  0.4584
0.009 0.008 0.018 0.736 0.001 0.011 0.014 0.012 0.004 0.005 0.013 0.005 0.005 0.007 0.006 0.034 0.009 0.001 0.008 0.008 0.085  0.4014
0.010 0.005 0.003 0.004 0.001 0.002 0.003 0.827 0.002 0.001 0.004 0.002 0.004 0.002 0.003 0.037 0.004 0.001 0.002 0.004 0.079  0.2600
0.057 0.004 0.008 0.012 0.002 0.002 0.004 0.687 0.001 0.003 0.004 0.003 0.002 0.003 0.004 0.104 0.009 0.002 0.002 0.004 0.080  0.4046
0.048 0.003 0.004 0.004 0.001 0.003 0.003 0.060 0.001 0.006 0.012 0.002 0.006 0.005 0.711 0.023 0.004 0.000 0.002 0.007 0.093  0.3949
0.047 0.002 0.004 0.002 0.002 0.003 0.002 0.012 0.005 0.043 0.582 0.004 0.040 0.030 0.009 0.005 0.006 0.002 0.010 0.092 0.096  0.5326
0.045 0.005 0.013 0.003 0.001 0.033 0.006 0.011 0.009 0.110 0.090 0.004 0.076 0.093 0.001 0.024 0.046 0.007 0.035 0.284 0.105  0.7749
0.043 0.035 0.023 0.027 0.259 0.034 0.011 0.017 0.016 0.057 0.050 0.020 0.016 0.032 0.005 0.034 0.040 0.020 0.047 0.098 0.117  0.8604
0.029 0.075 0.103 0.076 0.002 0.076 0.084 0.047 0.015 0.021 0.040 0.085 0.017 0.015 0.042 0.046 0.038 0.004 0.023 0.032 0.128  0.9143
0.027 0.045 0.087 0.094 0.002 0.024 0.049 0.174 0.022 0.022 0.027 0.035 0.007 0.023 0.017 0.051 0.032 0.032 0.040 0.036 0.152  0.8895
0.025 0.064 0.033 0.026 0.002 0.046 0.070 0.025 0.025 0.035 0.027 0.089 0.011 0.043 0.012 0.027 0.081 0.007 0.094 0.105 0.154  0.9025
0.028 0.005 0.003 0.002 0.001 0.141 0.005 0.006 0.004 0.075 0.408 0.003 0.006 0.009 0.004 0.006 0.007 0.002 0.005 0.148 0.130  0.6073
0.104 0.032 0.005 0.004 0.010 0.025 0.013 0.010 0.021 0.144 0.049 0.006 0.017 0.034 0.002 0.016 0.040 0.008 0.058 0.276 0.127  0.7827
0.043 0.003 0.001 0.002 0.001 0.000 0.001 0.811 0.000 0.002 0.002 0.001 0.001 0.002 0.001 0.005 0.001 0.001 0.001 0.002 0.119  0.2378
0.015 0.001 0.002 0.003 0.001 0.003 0.002 0.002 0.001 0.382 0.109 0.001 0.013 0.007 0.001 0.005 0.013 0.001 0.001 0.314 0.121  0.5219
0.077 0.006 0.019 0.004 0.004 0.007 0.005 0.010 0.016 0.056 0.067 0.003 0.016 0.015 0.002 0.034 0.143 0.002 0.012 0.373 0.128  0.6945
0.035 0.004 0.019 0.005 0.002 0.003 0.002 0.013 0.005 0.014 0.014 0.004 0.004 0.004 0.003 0.669 0.035 0.002 0.004 0.020 0.137  0.4410
0.032 0.030 0.012 0.006 0.001 0.011 0.007 0.045 0.017 0.012 0.023 0.015 0.008 0.204 0.004 0.033 0.025 0.244 0.089 0.018 0.162  0.7623
0.040 0.017 0.015 0.011 0.002 0.012 0.008 0.545 0.005 0.013 0.008 0.012 0.005 0.006 0.008 0.058 0.025 0.003 0.005 0.031 0.171  0.5672
0.042 0.043 0.032 0.040 0.002 0.022 0.048 0.035 0.019 0.075 0.050 0.036 0.011 0.033 0.059 0.084 0.041 0.006 0.049 0.062 0.210  0.9038
0.039 0.033 0.042 0.046 0.008 0.024 0.037 0.293 0.011 0.013 0.019 0.037 0.004 0.009 0.043 0.052 0.033 0.003 0.009 0.020 0.224  0.7761
0.010 0.010 0.013 0.018 0.607 0.005 0.010 0.019 0.004 0.005 0.008 0.007 0.003 0.007 0.010 0.019 0.013 0.002 0.007 0.009 0.214  0.4737
0.190 0.020 0.035 0.038 0.042 0.018 0.025 0.249 0.006 0.006 0.013 0.015 0.004 0.006 0.015 0.042 0.026 0.002 0.007 0.012 0.229  0.7352
0.036 0.091 0.037 0.051 0.011 0.064 0.059 0.054 0.014 0.017 0.049 0.048 0.010 0.010 0.018 0.060 0.056 0.003 0.011 0.035 0.264  0.8599
0.068 0.041 0.028 0.031 0.011 0.022 0.048 0.042 0.010 0.015 0.025 0.066 0.005 0.011 0.143 0.051 0.044 0.002 0.014 0.025 0.297  0.8148
0.024 0.041 0.125 0.063 0.004 0.025 0.036 0.179 0.017 0.013 0.016 0.039 0.005 0.012 0.014 0.052 0.036 0.002 0.021 0.015 0.258  0.8010
0.039 0.052 0.030 0.018 0.001 0.031 0.032 0.033 0.020 0.030 0.051 0.086 0.014 0.054 0.014 0.061 0.048 0.011 0.080 0.044 0.248  0.8783
0.030 0.012 0.010 0.008 0.002 0.008 0.009 0.016 0.006 0.018 0.023 0.009 0.006 0.020 0.484 0.017 0.023 0.001 0.066 0.022 0.209  0.6083
0.095 0.008 0.021 0.053 0.002 0.009 0.016 0.344 0.005 0.012 0.013 0.004 0.007 0.012 0.006 0.102 0.059 0.001 0.011 0.025 0.192  0.7014
0.036 0.011 0.004 0.003 0.001 0.006 0.005 0.039 0.003 0.118 0.060 0.007 0.013 0.027 0.002 0.011 0.020 0.005 0.014 0.421 0.193  0.6349
0.015 0.002 0.014 0.003 0.003 0.003 0.004 0.007 0.015 0.009 0.016 0.002 0.003 0.194 0.002 0.012 0.003 0.005 0.485 0.010 0.192  0.5217
0.098 0.003 0.010 0.002 0.004 0.005 0.006 0.013 0.003 0.027 0.016 0.002 0.017 0.002 0.003 0.063 0.462 0.001 0.002 0.066 0.194  0.5842
0.015 0.306 0.113 0.094 0.002 0.017 0.017 0.006 0.010 0.003 0.010 0.102 0.003 0.006 0.015 0.060 0.007 0.001 0.009 0.003 0.199  0.6985
0.013 0.002 0.002 0.001 0.001 0.001 0.001 0.002 0.001 0.121 0.083 0.001 0.010 0.006 0.007 0.004 0.035 0.001 0.001 0.499 0.209  0.5012
0.124 0.032 0.016 0.029 0.011 0.022 0.015 0.040 0.012 0.010 0.015 0.012 0.009 0.020 0.037 0.243 0.086 0.005 0.028 0.017 0.216  0.7895
0.095 0.046 0.052 0.029 0.003 0.032 0.041 0.012 0.054 0.005 0.016 0.075 0.009 0.030 0.033 0.119 0.033 0.002 0.072 0.019 0.222  0.8590
0.022 0.002 0.012 0.003 0.001 0.010 0.005 0.005 0.068 0.018 0.045 0.004 0.009 0.171 0.002 0.011 0.006 0.005 0.345 0.033 0.222  0.6463
0.040 0.106 0.017 0.005 0.004 0.024 0.017 0.008 0.012 0.081 0.185 0.037 0.034 0.016 0.002 0.036 0.042 0.003 0.030 0.075 0.226  0.8120
0.032 0.020 0.059 0.247 0.001 0.032 0.066 0.037 0.010 0.003 0.006 0.046 0.004 0.004 0.084 0.081 0.027 0.001 0.004 0.003 0.231  0.7557
0.003 0.002 0.001 0.004 0.000 0.003 0.004 0.002 0.001 0.002 0.009 0.003 0.002 0.076 0.001 0.003 0.003 0.643 0.010 0.002 0.227  0.3665
0.004 0.001 0.001 0.001 0.001 0.001 0.001 0.002 0.001 0.614 0.068 0.001 0.014 0.010 0.000 0.002 0.003 0.001 0.002 0.043 0.231  0.3917
0.035 0.074 0.058 0.051 0.009 0.067 0.109 0.011 0.022 0.016 0.048 0.093 0.009 0.006 0.001 0.039 0.034 0.004 0.021 0.023 0.270  0.8283
0.047 0.044 0.051 0.069 0.002 0.085 0.103 0.032 0.011 0.004 0.010 0.068 0.004 0.004 0.012 0.107 0.037 0.003 0.009 0.005 0.293  0.7839
0.029 0.019 0.085 0.001 0.004 0.046 0.023 0.005 0.042 0.080 0.015 0.049 0.010 0.016 0.003 0.016 0.113 0.001 0.026 0.097 0.321  0.7717
0.030 0.007 0.004 0.001 0.002 0.006 0.004 0.005 0.001 0.153 0.101 0.005 0.094 0.007 0.001 0.019 0.077 0.002 0.004 0.096 0.379  0.6510
0.056 0.041 0.041 0.022 0.004 0.025 0.037 0.055 0.008 0.010 0.015 0.049 0.004 0.003 0.012 0.038 0.016 0.010 0.005 0.013 0.537  0.6378
0.023 0.015 0.021 0.013 0.001 0.014 0.023 0.017 0.004 0.008 0.012 0.020 0.004 0.003 0.010 0.038 0.014 0.002 0.003 0.009 0.746  0.4152
0.005 0.003 0.033 0.005 0.000 0.003 0.006 0.003 0.004 0.002 0.004 0.005 0.001 0.002 0.003 0.007 0.004 0.001 0.004 0.004 0.901  0.1870
