222
11845
5099.948887
0.0622 0.0375 0.0399 0.0466 0.0310 0.0328 0.0368 0.0868 0.0234 0.0581 0.0685 0.0357 0.0138 0.0270 0.0437 0.0635 0.0546 0.0178 0.0318 0.0735 0.1149
0.004 0.002 0.002 0.001 0.001 0.001 0.001 0.001 0.000 0.501 0.017 0.002 0.006 0.003 0.001 0.003 0.006 0.000 0.001 0.085 0.361  0.3957
0.023 0.003 0.004 0.002 0.000 0.003 0.004 0.003 0.005 0.151 0.030 0.004 0.010 0.024 0.002 0.014 0.026 0.001 0.018 0.328 0.346  0.5749
0.008 0.006 0.095 0.013 0.001 0.005 0.008 0.482 0.006 0.001 0.002 0.007 0.001 0.002 0.002 0.013 0.004 0.001 0.004 0.003 0.336  0.4525
0.007 0.003 0.003 0.004 0.001 0.001 0.004 0.631 0.001 0.001 0.002 0.002 0.000 0.000 0.002 0.007 0.002 0.000 0.001 0.002 0.325  0.2977
0.019 0.043 0.039 0.029 0.002 0.069 0.090 0.014 0.032 0.017 0.011 0.055 0.007 0.013 0.003 0.068 0.088 0.008 0.026 0.048 0.322  0.8028
0.038 0.023 0.056 0.109 0.001 0.026 0.156 0.006 0.004 0.021 0.024 0.030 0.004 0.008 0.070 0.024 0.043 0.001 0.008 0.041 0.308  0.7688
0.391 0.001 0.002 0.005 0.025 0.002 0.004 0.007 0.001 0.021 0.005 0.001 0.002 0.001 0.008 0.056 0.088 0.000 0.001 0.084 0.294  0.5620
0.062 0.043 0.038 0.056 0.001 0.042 0.071 0.028 0.007 0.015 0.025 0.073 0.006 0.004 0.055 0.066 0.064 0.001 0.011 0.038 0.293  0.8263
0.056 0.037 0.013 0.028 0.001 0.021 0.055 0.006 0.008 0.110 0.058 0.039 0.006 0.017 0.158 0.023 0.019 0.003 0.009 0.044 0.286  0.7917
0.028 0.018 0.079 0.037 0.005 0.011 0.048 0.293 0.072 0.002 0.009 0.024 0.002 0.010 0.003 0.036 0.029 0.002 0.014 0.004 0.274  0.7090
0.069 0.031 0.025 0.058 0.001 0.104 0.189 0.010 0.009 0.003 0.010 0.041 0.005 0.003 0.009 0.131 0.025 0.001 0.004 0.008 0.261  0.7426
0.045 0.032 0.009 0.001 0.008 0.014 0.003 0.004 0.038 0.022 0.025 0.006 0.008 0.206 0.002 0.011 0.009 0.164 0.107 0.035 0.250  0.7358
0.009 0.010 0.003 0.002 0.001 0.006 0.001 0.009 0.001 0.002 0.005 0.015 0.001 0.000 0.669 0.014 0.008 0.000 0.001 0.002 0.238  0.3489
0.006 0.001 0.002 0.002 0.002 0.002 0.004 0.004 0.043 0.001 0.005 0.001 0.006 0.088 0.001 0.018 0.004 0.383 0.196 0.001 0.230  0.5525
0.034 0.005 0.006 0.002 0.001 0.291 0.003 0.002 0.025 0.068 0.060 0.003 0.169 0.009 0.001 0.010 0.031 0.001 0.006 0.046 0.228  0.6764
0.240 0.004 0.001 0.001 0.005 0.002 0.001 0.018 0.001 0.041 0.019 0.002 0.005 0.003 0.001 0.006 0.016 0.001 0.000 0.412 0.222  0.5144
0.137 0.032 0.010 0.004 0.001 0.028 0.008 0.051 0.007 0.012 0.066 0.013 0.017 0.025 0.003 0.302 0.015 0.002 0.028 0.016 0.223  0.7188
0.003 0.002 0.002 0.001 0.001 0.002 0.001 0.005 0.001 0.181 0.430 0.002 0.020 0.022 0.002 0.003 0.005 0.002 0.005 0.091 0.220  0.5245
0.015 0.117 0.031 0.014 0.001 0.137 0.030 0.042 0.027 0.024 0.072 0.036 0.014 0.034 0.007 0.033 0.030 0.009 0.046 0.034 0.247  0.8428
0.025 0.050 0.073 0.049 0.001 0.025 0.025 0.036 0.023 0.038 0.040 0.036 0.009 0.033 0.012 0.087 0.046 0.012 0.087 0.037 0.257  0.8688
0.022 0.041 0.074 0.057 0.001 0.019 0.029 0.304 0.007 0.006 0.014 0.039 0.002 0.008 0.017 0.063 0.028 0.005 0.011 0.010 0.244  0.7321
0.028 0.068 0.053 0.030 0.001 0.041 0.044 0.074 0.020 0.020 0.025 0.057 0.011 0.029 0.014 0.086 0.048 0.009 0.048 0.031 0.263  0.8664
0.021 0.027 0.026 0.014 0.001 0.045 0.022 0.027 0.282 0.013 0.037 0.023 0.005 0.070 0.022 0.042 0.026 0.016 0.057 0.021 0.202  0.8027
0.027 0.039 0.019 0.006 0.001 0.022 0.006 0.016 0.030 0.101 0.083 0.022 0.020 0.220 0.007 0.039 0.034 0.026 0.052 0.073 0.155  0.8430
0.007 0.001 0.001 0.000 0.861 0.000 0.000 0.020 0.001 0.001 0.001 0.001 0.001 0.003 0.000 0.004 0.003 0.000 0.001 0.002 0.092  0.1942
0.055 0.002 0.007 0.006 0.002 0.003 0.002 0.681 0.004 0.003 0.005 0.001 0.004 0.003 0.002 0.070 0.048 0.001 0.002 0.014 0.087  0.4206
0.123 0.001 0.000 0.001 0.006 0.000 0.002 0.758 0.000 0.001 0.002 0.000 0.000 0.000 0.000 0.013 0.002 0.000 0.000 0.004 0.084  0.2835
0.120 0.000 0.008 0.001 0.004 0.001 0.001 0.004 0.000 0.015 0.003 0.000 0.004 0.028 0.000 0.387 0.248 0.001 0.002 0.088 0.084  0.5668
0.006 0.002 0.000 0.000 0.001 0.001 0.000 0.000 0.001 0.247 0.570 0.001 0.008 0.008 0.001 0.001 0.001 0.001 0.008 0.060 0.083  0.4145
0.002 0.000 0.000 0.000 0.000 0.000 0.001 0.001 0.000 0.595 0.149 0.000 0.004 0.004 0.001 0.001 0.001 0.000 0.018 0.139 0.081  0.4113
0.109 0.020 0.138 0.080 0.002 0.011 0.007 0.057 0.068 0.001 0.003 0.018 0.001 0.001 0.002 0.303 0.092 0.003 0.002 0.001 0.081  0.7160
0.048 0.055 0.079 0.104 0.001 0.035 0.138 0.014 0.019 0.002 0.008 0.073 0.002 0.002 0.190 0.105 0.030 0.001 0.007 0.006 0.080  0.8127
0.005 0.250 0.115 0.073 0.011 0.111 0.049 0.015 0.023 0.005 0.020 0.071 0.005 0.011 0.001 0.051 0.056 0.015 0.028 0.004 0.080  0.8149
0.019 0.014 0.003 0.001 0.003 0.003 0.001 0.002 0.098 0.028 0.038 0.017 0.005 0.107 0.001 0.009 0.041 0.366 0.126 0.045 0.073  0.7030
0.041 0.001 0.001 0.000 0.001 0.000 0.000 0.003 0.000 0.230 0.051 0.000 0.003 0.005 0.000 0.003 0.003 0.001 0.001 0.583 0.071  0.4163
0.011 0.001 0.001 0.000 0.001 0.001 0.001 0.001 0.000 0.096 0.634 0.000 0.029 0.003 0.001 0.001 0.001 0.000 0.001 0.147 0.070  0.4019
0.007 0.000 0.001 0.001 0.003 0.001 0.001 0.005 0.001 0.003 0.004 0.001 0.001 0.001 0.001 0.103 0.795 0.001 0.001 0.002 0.068  0.2637
0.795 0.001 0.003 0.001 0.001 0.001 0.001 0.006 0.001 0.003 0.002 0.002 0.001 0.001 0.007 0.055 0.036 0.000 0.001 0.017 0.067  0.2924
0.761 0.013 0.002 0.003 0.002 0.004 0.003 0.074 0.002 0.001 0.004 0.010 0.001 0.002 0.001 0.028 0.011 0.001 0.003 0.005 0.070  0.3395
0.007 0.012 0.011 0.007 0.001 0.028 0.006 0.005 0.768 0.003 0.003 0.006 0.001 0.004 0.002 0.048 0.009 0.001 0.007 0.002 0.070  0.3517
0.005 0.002 0.003 0.001 0.874 0.001 0.001 0.002 0.001 0.005 0.005 0.003 0.001 0.002 0.001 0.005 0.004 0.001 0.002 0.009 0.073  0.1986
0.034 0.007 0.009 0.005 0.017 0.008 0.006 0.010 0.004 0.101 0.136 0.009 0.021 0.150 0.004 0.015 0.053 0.012 0.021 0.264 0.113  0.7589
0.066 0.051 0.042 0.074 0.005 0.047 0.062 0.040 0.027 0.030 0.046 0.066 0.014 0.028 0.044 0.060 0.063 0.010 0.041 0.048 0.137  0.9470
0.049 0.050 0.081 0.093 0.002 0.027 0.058 0.095 0.015 0.010 0.018 0.053 0.005 0.008 0.068 0.155 0.055 0.005 0.013 0.016 0.123  0.8741
0.049 0.068 0.079 0.099 0.002 0.051 0.059 0.062 0.020 0.017 0.044 0.057 0.011 0.016 0.051 0.097 0.052 0.006 0.023 0.025 0.112  0.9243
0.026 0.019 0.015 0.018 0.002 0.010 0.014 0.016 0.014 0.123 0.173 0.019 0.037 0.081 0.014 0.027 0.044 0.053 0.098 0.099 0.099  0.8684
0.031 0.101 0.036 0.024 0.001 0.060 0.049 0.026 0.020 0.036 0.039 0.091 0.016 0.027 0.015 0.091 0.150 0.012 0.026 0.061 0.088  0.9101
0.085 0.007 0.006 0.004 0.002 0.005 0.004 0.008 0.002 0.146 0.058 0.006 0.011 0.017 0.005 0.010 0.010 0.001 0.009 0.534 0.069  0.5571
0.030 0.265 0.011 0.007 0.004 0.034 0.011 0.017 0.035 0.058 0.057 0.040 0.013 0.028 0.009 0.033 0.051 0.011 0.063 0.158 0.067  0.8299
0.144 0.004 0.004 0.004 0.002 0.004 0.004 0.019 0.005 0.065 0.341 0.004 0.023 0.056 0.009 0.014 0.025 0.002 0.027 0.174 0.067  0.6965
0.021 0.018 0.023 0.012 0.001 0.007 0.008 0.757 0.006 0.004 0.012 0.009 0.001 0.003 0.008 0.018 0.010 0.002 0.005 0.008 0.068  0.3851
0.107 0.046 0.017 0.078 0.003 0.022 0.156 0.027 0.009 0.031 0.037 0.040 0.016 0.011 0.013 0.147 0.089 0.002 0.011 0.056 0.081  0.8667
0.031 0.027 0.072 0.034 0.001 0.023 0.019 0.027 0.198 0.033 0.074 0.018 0.004 0.027 0.016 0.069 0.081 0.038 0.078 0.045 0.085  0.8941
0.027 0.051 0.170 0.211 0.005 0.033 0.032 0.023 0.026 0.012 0.024 0.043 0.006 0.019 0.008 0.087 0.052 0.006 0.032 0.021 0.111  0.8426
0.021 0.078 0.016 0.008 0.003 0.025 0.009 0.012 0.011 0.108 0.268 0.026 0.019 0.033 0.011 0.028 0.046 0.012 0.025 0.055 0.187  0.7957
0.034 0.063 0.092 0.073 0.003 0.030 0.035 0.037 0.017 0.012 0.040 0.055 0.006 0.025 0.013 0.116 0.074 0.008 0.027 0.016 0.224  0.8643
0.038 0.048 0.043 0.044 0.003 0.040 0.044 0.035 0.014 0.030 0.039 0.052 0.009 0.018 0.027 0.087 0.070 0.004 0.014 0.068 0.273  0.8596
0.042 0.050 0.055 0.062 0.006 0.030 0.050 0.044 0.014 0.026 0.056 0.045 0.013 0.019 0.050 0.060 0.068 0.010 0.021 0.051 0.229  0.9006
0.046 0.027 0.074 0.112 0.002 0.025 0.157 0.062 0.013 0.012 0.022 0.030 0.005 0.009 0.032 0.102 0.061 0.002 0.012 0.023 0.172  0.8480
0.053 0.032 0.046 0.107 0.005 0.024 0.075 0.145 0.011 0.013 0.019 0.041 0.004 0.009 0.082 0.096 0.046 0.004 0.011 0.020 0.157  0.8631
0.040 0.032 0.076 0.065 0.012 0.031 0.041 0.136 0.028 0.010 0.016 0.036 0.004 0.016 0.063 0.084 0.092 0.004 0.026 0.022 0.168  0.8853
0.068 0.045 0.022 0.026 0.003 0.061 0.148 0.171 0.027 0.019 0.021 0.033 0.009 0.010 0.043 0.058 0.058 0.004 0.017 0.046 0.111  0.8784
0.026 0.054 0.023 0.030 0.001 0.277 0.076 0.015 0.018 0.048 0.040 0.048 0.013 0.016 0.020 0.034 0.061 0.003 0.015 0.091 0.092  0.8411
0.027 0.079 0.021 0.079 0.005 0.040 0.071 0.009 0.020 0.070 0.069 0.043 0.015 0.039 0.013 0.050 0.082 0.008 0.029 0.127 0.106  0.9149
0.039 0.131 0.009 0.005 0.004 0.016 0.010 0.007 0.051 0.156 0.083 0.017 0.028 0.073 0.005 0.038 0.023 0.003 0.091 0.136 0.075  0.8472
0.064 0.105 0.064 0.066 0.001 0.052 0.068 0.066 0.016 0.012 0.028 0.094 0.006 0.014 0.072 0.087 0.069 0.003 0.019 0.024 0.067  0.9130
0.076 0.010 0.006 0.008 0.002 0.006 0.008 0.014 0.003 0.181 0.035 0.009 0.004 0.010 0.025 0.034 0.032 0.001 0.006 0.475 0.056  0.6157
0.106 0.056 0.028 0.067 0.004 0.051 0.133 0.018 0.010 0.033 0.034 0.119 0.007 0.004 0.004 0.140 0.062 0.003 0.008 0.059 0.053  0.8637
0.054 0.165 0.053 0.051 0.004 0.086 0.109 0.022 0.023 0.007 0.014 0.184 0.006 0.008 0.004 0.084 0.039 0.004 0.015 0.013 0.054  0.8347
0.058 0.018 0.008 0.004 0.007 0.015 0.013 0.008 0.008 0.320 0.060 0.025 0.019 0.063 0.004 0.037 0.038 0.011 0.044 0.192 0.051  0.7622
0.017 0.030 0.010 0.005 0.007 0.010 0.017 0.004 0.048 0.329 0.049 0.032 0.011 0.085 0.002 0.015 0.050 0.009 0.074 0.150 0.044  0.7674
0.029 0.067 0.028 0.006 0.013 0.030 0.015 0.008 0.009 0.178 0.089 0.051 0.033 0.021 0.076 0.033 0.052 0.004 0.025 0.197 0.036  0.8564
0.009 0.011 0.039 0.010 0.002 0.008 0.005 0.006 0.751 0.005 0.009 0.007 0.002 0.010 0.031 0.015 0.005 0.002 0.029 0.005 0.037  0.4005
0.026 0.024 0.017 0.028 0.003 0.021 0.158 0.016 0.014 0.005 0.005 0.037 0.003 0.002 0.526 0.047 0.011 0.003 0.005 0.005 0.045  0.5953
0.033 0.048 0.135 0.156 0.005 0.075 0.089 0.104 0.021 0.004 0.043 0.092 0.006 0.011 0.005 0.081 0.017 0.002 0.016 0.005 0.052  0.8496
0.004 0.003 0.005 0.003 0.003 0.003 0.003 0.002 0.017 0.004 0.008 0.003 0.002 0.239 0.003 0.009 0.004 0.043 0.571 0.005 0.067  0.4572
0.025 0.050 0.247 0.173 0.003 0.029 0.030 0.028 0.019 0.017 0.016 0.057 0.005 0.008 0.008 0.099 0.057 0.002 0.013 0.033 0.081  0.8118
0.067 0.058 0.044 0.050 0.004 0.032 0.046 0.061 0.020 0.019 0.027 0.056 0.012 0.023 0.141 0.132 0.047 0.008 0.027 0.026 0.097  0.9142
0.056 0.066 0.081 0.066 0.004 0.043 0.057 0.070 0.019 0.027 0.036 0.063 0.007 0.026 0.048 0.091 0.066 0.011 0.021 0.037 0.105  0.9388
0.045 0.041 0.087 0.039 0.004 0.025 0.027 0.046 0.015 0.023 0.046 0.036 0.009 0.019 0.036 0.111 0.243 0.004 0.016 0.031 0.099  0.8602
0.032 0.033 0.042 0.018 0.003 0.028 0.015 0.040 0.038 0.058 0.164 0.050 0.040 0.097 0.026 0.045 0.032 0.016 0.093 0.046 0.082  0.9233
0.065 0.057 0.080 0.156 0.002 0.041 0.079 0.060 0.034 0.027 0.037 0.047 0.008 0.018 0.033 0.059 0.043 0.004 0.056 0.036 0.058  0.9254
0.033 0.015 0.475 0.047 0.003 0.008 0.007 0.034 0.107 0.003 0.005 0.013 0.008 0.030 0.005 0.047 0.010 0.004 0.106 0.003 0.037  0.6497
0.004 0.002 0.053 0.898 0.000 0.002 0.004 0.005 0.002 0.001 0.001 0.002 0.001 0.000 0.003 0.005 0.002 0.000 0.002 0.001 0.013  0.1729
0.013 0.001 0.001 0.001 0.001 0.001 0.000 0.001 0.000 0.621 0.126 0.001 0.010 0.031 0.001 0.002 0.003 0.007 0.010 0.158 0.011  0.4171
0.706 0.002 0.003 0.001 0.028 0.004 0.002 0.081 0.001 0.003 0.010 0.001 0.060 0.000 0.001 0.046 0.017 0.000 0.001 0.021 0.012  0.4053
0.004 0.001 0.001 0.001 0.000 0.001 0.001 0.001 0.000 0.146 0.646 0.000 0.027 0.007 0.000 0.001 0.006 0.001 0.003 0.140 0.012  0.3797
0.020 0.001 0.000 0.000 0.005 0.001 0.001 0.002 0.001 0.270 0.462 0.000 0.034 0.017 0.001 0.002 0.002 0.004 0.002 0.162 0.012  0.4795
0.006 0.222 0.009 0.003 0.001 0.082 0.128 0.005 0.032 0.029 0.034 0.303 0.007 0.022 0.001 0.007 0.048 0.002 0.014 0.031 0.013  0.7098
0.004 0.001 0.001 0.001 0.001 0.000 0.001 0.001 0.001 0.043 0.760 0.001 0.029 0.021 0.002 0.004 0.045 0.001 0.002 0.064 0.017  0.3431
0.133 0.052 0.070 0.112 0.004 0.042 0.118 0.014 0.012 0.006 0.011 0.119 0.005 0.004 0.042 0.154 0.047 0.001 0.007 0.022 0.026  0.8344
0.038 0.139 0.045 0.044 0.002 0.066 0.132 0.037 0.024 0.008 0.012 0.112 0.006 0.008 0.026 0.132 0.116 0.003 0.010 0.017 0.025  0.8487
0.078 0.044 0.037 0.063 0.002 0.017 0.058 0.011 0.011 0.009 0.011 0.065 0.003 0.005 0.412 0.089 0.033 0.002 0.006 0.014 0.030  0.7209
0.129 0.004 0.004 0.003 0.001 0.003 0.005 0.005 0.002 0.170 0.147 0.004 0.024 0.086 0.011 0.016 0.014 0.002 0.007 0.333 0.031  0.6601
0.038 0.057 0.069 0.057 0.001 0.066 0.107 0.016 0.015 0.041 0.024 0.083 0.005 0.010 0.076 0.067 0.142 0.002 0.007 0.075 0.042  0.8930
0.017 0.013 0.010 0.013 0.006 0.013 0.020 0.014 0.004 0.056 0.187 0.011 0.021 0.312 0.021 0.017 0.024 0.012 0.111 0.028 0.089  0.7552
0.021 0.014 0.207 0.061 0.002 0.015 0.015 0.088 0.007 0.008 0.005 0.024 0.004 0.004 0.015 0.231 0.178 0.003 0.006 0.008 0.085  0.7301
0.066 0.046 0.074 0.180 0.001 0.038 0.097 0.032 0.015 0.008 0.013 0.074 0.007 0.005 0.079 0.102 0.044 0.002 0.011 0.016 0.090  0.8607
0.052 0.064 0.108 0.034 0.008 0.021 0.026 0.036 0.066 0.018 0.039 0.057 0.006 0.067 0.015 0.057 0.084 0.009 0.147 0.024 0.062  0.9177
0.044 0.010 0.006 0.005 0.004 0.012 0.004 0.004 0.004 0.314 0.045 0.009 0.010 0.017 0.008 0.014 0.034 0.002 0.013 0.400 0.042  0.5997
0.080 0.158 0.045 0.017 0.006 0.203 0.022 0.053 0.018 0.023 0.044 0.106 0.014 0.010 0.016 0.070 0.031 0.005 0.010 0.028 0.041  0.8544
0.060 0.018 0.008 0.006 0.006 0.013 0.006 0.007 0.005 0.029 0.038 0.026 0.005 0.017 0.567 0.033 0.067 0.005 0.019 0.035 0.031  0.6054
0.169 0.003 0.002 0.003 0.002 0.002 0.003 0.011 0.001 0.405 0.076 0.002 0.007 0.006 0.008 0.012 0.010 0.001 0.003 0.247 0.027  0.5561
0.070 0.046 0.023 0.019 0.465 0.027 0.036 0.018 0.007 0.009 0.012 0.054 0.003 0.005 0.070 0.053 0.034 0.001 0.006 0.014 0.027  0.6968
0.009 0.005 0.004 0.003 0.003 0.004 0.004 0.004 0.002 0.091 0.707 0.003 0.028 0.020 0.008 0.006 0.009 0.003 0.007 0.052 0.029  0.4211
0.135 0.012 0.025 0.026 0.010 0.011 0.016 0.021 0.007 0.009 0.019 0.006 0.006 0.007 0.518 0.040 0.020 0.033 0.014 0.020 0.045  0.6371
0.066 0.048 0.058 0.083 0.004 0.034 0.084 0.040 0.011 0.019 0.043 0.055 0.008 0.021 0.072 0.127 0.121 0.009 0.014 0.032 0.051  0.9137
0.099 0.052 0.052 0.070 0.003 0.060 0.078 0.055 0.016 0.017 0.029 0.069 0.010 0.016 0.064 0.126 0.068 0.003 0.020 0.034 0.058  0.9196
0.055 0.035 0.091 0.136 0.018 0.031 0.082 0.084 0.017 0.017 0.033 0.038 0.009 0.016 0.061 0.101 0.058 0.004 0.019 0.035 0.059  0.9180
0.060 0.021 0.037 0.059 0.001 0.025 0.051 0.014 0.010 0.052 0.123 0.019 0.015 0.066 0.133 0.060 0.055 0.005 0.030 0.096 0.068  0.9074
0.079 0.045 0.039 0.049 0.001 0.039 0.067 0.025 0.016 0.029 0.057 0.065 0.012 0.057 0.134 0.076 0.052 0.003 0.041 0.045 0.070  0.9330
0.125 0.023 0.053 0.083 0.001 0.023 0.076 0.034 0.017 0.033 0.044 0.026 0.007 0.022 0.134 0.059 0.065 0.002 0.015 0.095 0.064  0.8974
0.023 0.020 0.110 0.064 0.001 0.020 0.032 0.466 0.012 0.008 0.018 0.030 0.006 0.012 0.026 0.046 0.027 0.005 0.016 0.014 0.044  0.6942
0.069 0.057 0.029 0.065 0.002 0.074 0.081 0.039 0.013 0.020 0.034 0.067 0.021 0.013 0.016 0.105 0.193 0.006 0.021 0.036 0.041  0.8894
0.044 0.072 0.068 0.055 0.003 0.054 0.073 0.017 0.015 0.037 0.058 0.082 0.034 0.015 0.058 0.084 0.093 0.015 0.022 0.058 0.042  0.9462
0.156 0.002 0.004 0.003 0.307 0.003 0.004 0.090 0.003 0.021 0.094 0.002 0.017 0.037 0.009 0.029 0.020 0.002 0.017 0.137 0.041  0.7223
0.020 0.046 0.010 0.014 0.002 0.032 0.025 0.004 0.014 0.088 0.079 0.034 0.016 0.052 0.003 0.045 0.204 0.079 0.072 0.121 0.039  0.8633
0.146 0.003 0.004 0.001 0.001 0.003 0.003 0.008 0.005 0.169 0.086 0.003 0.015 0.018 0.002 0.020 0.051 0.002 0.004 0.426 0.029  0.6061
0.205 0.005 0.007 0.003 0.014 0.003 0.002 0.007 0.002 0.054 0.048 0.003 0.024 0.019 0.010 0.219 0.229 0.001 0.027 0.090 0.029  0.7099
0.010 0.004 0.002 0.002 0.000 0.002 0.003 0.912 0.001 0.003 0.003 0.002 0.001 0.001 0.001 0.011 0.010 0.000 0.002 0.004 0.024  0.1675
0.003 0.004 0.003 0.001 0.001 0.002 0.002 0.001 0.009 0.005 0.010 0.001 0.003 0.086 0.001 0.002 0.002 0.777 0.061 0.003 0.023  0.3140
0.006 0.007 0.008 0.009 0.001 0.005 0.006 0.869 0.001 0.003 0.003 0.007 0.002 0.001 0.009 0.015 0.006 0.000 0.002 0.004 0.036  0.2359
0.084 0.143 0.049 0.041 0.004 0.049 0.027 0.019 0.023 0.024 0.067 0.094 0.016 0.022 0.011 0.080 0.087 0.011 0.042 0.043 0.066  0.9169
0.022 0.024 0.033 0.043 0.001 0.024 0.021 0.016 0.007 0.073 0.099 0.019 0.023 0.010 0.018 0.045 0.391 0.002 0.015 0.054 0.063  0.7577
0.052 0.059 0.056 0.073 0.007 0.045 0.112 0.073 0.015 0.016 0.025 0.074 0.010 0.013 0.017 0.146 0.061 0.009 0.022 0.024 0.088  0.9054
0.051 0.024 0.061 0.082 0.002 0.034 0.132 0.042 0.022 0.016 0.034 0.029 0.007 0.052 0.048 0.096 0.070 0.007 0.043 0.029 0.119  0.9143
0.046 0.035 0.098 0.086 0.002 0.029 0.059 0.198 0.016 0.013 0.020 0.040 0.008 0.018 0.030 0.086 0.058 0.005 0.019 0.016 0.119  0.8671
0.053 0.028 0.054 0.058 0.002 0.025 0.042 0.321 0.010 0.014 0.016 0.033 0.004 0.009 0.026 0.080 0.040 0.006 0.007 0.028 0.145  0.7877
0.029 0.024 0.035 0.029 0.003 0.022 0.033 0.068 0.008 0.017 0.035 0.027 0.007 0.013 0.048 0.059 0.052 0.003 0.011 0.027 0.451  0.7265
0.051 0.042 0.046 0.045 0.004 0.046 0.058 0.047 0.013 0.022 0.033 0.059 0.012 0.015 0.099 0.134 0.069 0.006 0.013 0.036 0.151  0.9014
0.053 0.035 0.025 0.019 0.004 0.027 0.021 0.038 0.015 0.048 0.111 0.029 0.022 0.043 0.055 0.099 0.065 0.006 0.072 0.057 0.154  0.9127
0.092 0.014 0.026 0.015 0.002 0.027 0.018 0.022 0.009 0.009 0.011 0.014 0.006 0.006 0.243 0.311 0.060 0.001 0.004 0.019 0.090  0.7087
0.042 0.059 0.118 0.173 0.003 0.049 0.070 0.035 0.017 0.013 0.018 0.058 0.007 0.009 0.058 0.084 0.070 0.002 0.017 0.021 0.074  0.8835
0.029 0.058 0.040 0.031 0.004 0.051 0.052 0.010 0.031 0.103 0.057 0.067 0.016 0.019 0.014 0.033 0.111 0.006 0.029 0.174 0.065  0.8999
0.011 0.009 0.002 0.001 0.001 0.015 0.002 0.002 0.002 0.023 0.760 0.027 0.032 0.010 0.021 0.006 0.006 0.001 0.007 0.025 0.036  0.3849
0.011 0.176 0.031 0.007 0.001 0.322 0.016 0.006 0.043 0.007 0.089 0.125 0.059 0.008 0.005 0.019 0.014 0.002 0.015 0.008 0.036  0.7278
0.056 0.040 0.013 0.015 0.031 0.113 0.187 0.018 0.032 0.013 0.014 0.159 0.015 0.029 0.004 0.056 0.046 0.016 0.061 0.038 0.043  0.8727
0.246 0.009 0.008 0.004 0.000 0.007 0.007 0.035 0.004 0.064 0.099 0.007 0.016 0.006 0.003 0.020 0.075 0.002 0.006 0.340 0.038  0.6664
0.034 0.055 0.095 0.122 0.001 0.079 0.119 0.024 0.021 0.015 0.023 0.068 0.013 0.012 0.025 0.081 0.110 0.004 0.021 0.040 0.037  0.8949
0.031 0.006 0.011 0.003 0.001 0.016 0.006 0.008 0.002 0.093 0.281 0.007 0.051 0.021 0.004 0.011 0.038 0.000 0.007 0.365 0.036  0.6349
0.026 0.058 0.055 0.040 0.001 0.056 0.045 0.013 0.020 0.016 0.017 0.071 0.003 0.014 0.337 0.057 0.089 0.005 0.019 0.024 0.035  0.8023
0.025 0.019 0.007 0.003 0.002 0.008 0.008 0.015 0.007 0.278 0.151 0.012 0.016 0.021 0.013 0.014 0.051 0.002 0.039 0.273 0.035  0.7004
0.025 0.020 0.006 0.006 0.002 0.030 0.011 0.006 0.009 0.241 0.153 0.013 0.059 0.024 0.004 0.014 0.026 0.018 0.027 0.269 0.036  0.7341
0.048 0.023 0.088 0.187 0.001 0.010 0.054 0.041 0.010 0.003 0.008 0.025 0.002 0.003 0.113 0.264 0.071 0.002 0.006 0.005 0.036  0.7555
0.026 0.114 0.197 0.073 0.003 0.091 0.030 0.014 0.050 0.018 0.051 0.041 0.015 0.022 0.039 0.053 0.049 0.012 0.030 0.023 0.049  0.8968
0.110 0.044 0.056 0.107 0.002 0.064 0.168 0.028 0.010 0.011 0.021 0.079 0.005 0.010 0.013 0.124 0.062 0.005 0.010 0.017 0.054  0.8558
0.052 0.047 0.031 0.091 0.004 0.076 0.171 0.010 0.012 0.034 0.043 0.080 0.013 0.015 0.008 0.047 0.115 0.003 0.024 0.078 0.047  0.8848
0.007 0.003 0.004 0.003 0.896 0.002 0.003 0.005 0.001 0.002 0.004 0.001 0.001 0.003 0.002 0.006 0.005 0.001 0.003 0.004 0.044  0.1874
0.075 0.133 0.120 0.038 0.001 0.107 0.069 0.026 0.016 0.020 0.035 0.105 0.009 0.008 0.011 0.084 0.034 0.002 0.010 0.026 0.068  0.8747
0.086 0.100 0.066 0.062 0.008 0.082 0.084 0.026 0.014 0.018 0.039 0.110 0.009 0.006 0.014 0.115 0.049 0.005 0.013 0.020 0.074  0.8955
0.127 0.060 0.034 0.027 0.002 0.041 0.037 0.020 0.018 0.051 0.072 0.060 0.026 0.029 0.016 0.110 0.059 0.017 0.043 0.053 0.099  0.9300
0.016 0.015 0.024 0.015 0.002 0.010 0.009 0.013 0.027 0.030 0.098 0.011 0.021 0.114 0.008 0.026 0.021 0.063 0.357 0.021 0.097  0.7607
0.057 0.077 0.064 0.039 0.002 0.040 0.035 0.142 0.019 0.010 0.022 0.058 0.005 0.011 0.105 0.073 0.033 0.011 0.018 0.017 0.162  0.8765
0.041 0.046 0.068 0.054 0.001 0.036 0.038 0.166 0.019 0.017 0.025 0.042 0.008 0.032 0.034 0.083 0.043 0.006 0.031 0.024 0.186  0.8804
0.046 0.066 0.049 0.040 0.001 0.052 0.045 0.048 0.018 0.041 0.051 0.066 0.015 0.039 0.046 0.063 0.068 0.006 0.041 0.053 0.145  0.9413
0.022 0.010 0.021 0.022 0.003 0.006 0.009 0.007 0.006 0.314 0.171 0.011 0.016 0.041 0.009 0.021 0.019 0.004 0.017 0.176 0.095  0.7167
0.036 0.037 0.044 0.077 0.002 0.033 0.026 0.035 0.040 0.019 0.039 0.043 0.007 0.016 0.056 0.087 0.266 0.006 0.024 0.028 0.078  0.8629
0.050 0.037 0.067 0.207 0.001 0.031 0.139 0.040 0.011 0.009 0.013 0.056 0.002 0.006 0.095 0.109 0.039 0.002 0.010 0.014 0.061  0.8331
0.024 0.075 0.156 0.084 0.003 0.037 0.039 0.088 0.023 0.010 0.013 0.048 0.005 0.010 0.008 0.170 0.119 0.003 0.015 0.013 0.057  0.8411
0.016 0.010 0.043 0.013 0.002 0.137 0.030 0.009 0.059 0.030 0.039 0.022 0.362 0.036 0.003 0.027 0.050 0.003 0.012 0.048 0.049  0.7668
0.007 0.004 0.002 0.002 0.005 0.005 0.003 0.005 0.003 0.301 0.272 0.002 0.071 0.154 0.002 0.004 0.007 0.001 0.012 0.098 0.040  0.6195
0.008 0.003 0.002 0.003 0.885 0.002 0.003 0.005 0.002 0.005 0.007 0.003 0.003 0.002 0.003 0.007 0.005 0.001 0.003 0.005 0.045  0.2062
0.612 0.002 0.004 0.004 0.009 0.002 0.004 0.028 0.002 0.024 0.026 0.002 0.009 0.009 0.003 0.025 0.108 0.002 0.006 0.067 0.054  0.5098
0.046 0.029 0.015 0.025 0.003 0.017 0.023 0.540 0.007 0.011 0.019 0.029 0.007 0.009 0.002 0.052 0.020 0.004 0.017 0.018 0.105  0.6230
0.031 0.017 0.040 0.051 0.002 0.012 0.020 0.066 0.026 0.018 0.036 0.015 0.003 0.061 0.025 0.064 0.029 0.008 0.118 0.032 0.326  0.8073
0.048 0.031 0.023 0.033 0.001 0.025 0.052 0.091 0.012 0.025 0.092 0.039 0.021 0.018 0.088 0.050 0.051 0.008 0.021 0.035 0.234  0.8755
0.063 0.053 0.064 0.089 0.002 0.059 0.146 0.066 0.013 0.010 0.025 0.061 0.006 0.007 0.032 0.071 0.060 0.004 0.010 0.030 0.128  0.8855
0.047 0.030 0.060 0.048 0.001 0.024 0.055 0.348 0.013 0.011 0.020 0.047 0.006 0.009 0.039 0.049 0.034 0.004 0.015 0.019 0.123  0.7852
0.029 0.039 0.057 0.041 0.002 0.025 0.039 0.432 0.016 0.010 0.016 0.049 0.005 0.007 0.018 0.046 0.038 0.003 0.009 0.017 0.102  0.7235
0.051 0.102 0.027 0.022 0.002 0.060 0.045 0.041 0.019 0.047 0.015 0.247 0.013 0.006 0.020 0.053 0.062 0.001 0.010 0.075 0.082  0.8503
0.041 0.014 0.042 0.467 0.002 0.011 0.016 0.159 0.007 0.006 0.011 0.008 0.005 0.006 0.008 0.095 0.028 0.000 0.006 0.010 0.058  0.6297
0.255 0.005 0.010 0.007 0.009 0.012 0.007 0.020 0.006 0.049 0.026 0.004 0.009 0.020 0.053 0.215 0.176 0.001 0.005 0.060 0.051  0.7319
0.011 0.006 0.004 0.002 0.846 0.004 0.004 0.013 0.002 0.004 0.008 0.002 0.003 0.011 0.003 0.009 0.006 0.003 0.006 0.005 0.048  0.2701
0.030 0.048 0.089 0.026 0.003 0.305 0.034 0.038 0.036 0.012 0.028 0.072 0.017 0.026 0.025 0.069 0.040 0.006 0.026 0.021 0.050  0.8425
0.019 0.011 0.011 0.020 0.002 0.003 0.009 0.794 0.004 0.005 0.007 0.006 0.005 0.009 0.003 0.016 0.007 0.002 0.011 0.011 0.045  0.3479
0.007 0.004 0.014 0.849 0.000 0.005 0.010 0.008 0.002 0.003 0.005 0.002 0.002 0.003 0.004 0.021 0.009 0.001 0.003 0.005 0.043  0.2620
0.009 0.002 0.002 0.002 0.000 0.001 0.001 0.889 0.001 0.001 0.001 0.001 0.001 0.001 0.002 0.043 0.003 0.001 0.000 0.002 0.037  0.1789
0.043 0.002 0.008 0.013 0.003 0.001 0.004 0.785 0.001 0.001 0.001 0.001 0.001 0.001 0.001 0.085 0.007 0.000 0.000 0.003 0.040  0.3013
0.035 0.003 0.002 0.001 0.000 0.002 0.001 0.046 0.001 0.002 0.008 0.001 0.002 0.002 0.805 0.021 0.003 0.001 0.001 0.006 0.056  0.2927
0.047 0.001 0.001 0.001 0.001 0.004 0.001 0.009 0.005 0.038 0.653 0.001 0.042 0.028 0.009 0.003 0.004 0.004 0.008 0.080 0.062  0.4675
0.046 0.002 0.010 0.001 0.001 0.032 0.006 0.009 0.008 0.107 0.088 0.002 0.082 0.062 0.001 0.021 0.047 0.004 0.031 0.365 0.074  0.7249
0.051 0.029 0.019 0.023 0.288 0.032 0.014 0.015 0.022 0.052 0.046 0.020 0.015 0.028 0.004 0.043 0.040 0.016 0.056 0.099 0.087  0.8493
0.029 0.064 0.162 0.130 0.002 0.070 0.080 0.077 0.014 0.009 0.020 0.081 0.009 0.012 0.027 0.057 0.033 0.001 0.017 0.014 0.090  0.8696
0.019 0.044 0.117 0.092 0.002 0.022 0.040 0.349 0.014 0.008 0.011 0.036 0.005 0.011 0.014 0.047 0.023 0.019 0.023 0.014 0.093  0.7701
0.025 0.068 0.025 0.019 0.001 0.065 0.068 0.015 0.025 0.048 0.031 0.092 0.014 0.054 0.007 0.026 0.102 0.008 0.092 0.135 0.080  0.9027
0.033 0.001 0.003 0.001 0.001 0.164 0.004 0.004 0.005 0.074 0.450 0.002 0.006 0.009 0.003 0.005 0.009 0.001 0.005 0.142 0.077  0.5745
0.107 0.029 0.005 0.003 0.013 0.046 0.012 0.009 0.026 0.149 0.043 0.005 0.016 0.031 0.001 0.019 0.044 0.009 0.053 0.309 0.071  0.7764
0.031 0.003 0.001 0.001 0.000 0.001 0.001 0.886 0.000 0.000 0.001 0.001 0.000 0.001 0.001 0.003 0.000 0.001 0.001 0.001 0.067  0.1639
0.017 0.001 0.002 0.002 0.001 0.001 0.000 0.001 0.001 0.428 0.103 0.001 0.011 0.006 0.001 0.005 0.009 0.001 0.002 0.339 0.068  0.4766
0.069 0.004 0.015 0.003 0.005 0.005 0.003 0.010 0.009 0.052 0.050 0.002 0.015 0.015 0.002 0.028 0.159 0.001 0.008 0.469 0.075  0.6196
0.030 0.003 0.022 0.005 0.001 0.002 0.002 0.013 0.002 0.010 0.006 0.004 0.003 0.003 0.002 0.769 0.027 0.001 0.001 0.014 0.080  0.3460
0.024 0.031 0.009 0.004 0.001 0.009 0.004 0.025 0.017 0.011 0.017 0.009 0.007 0.244 0.003 0.025 0.019 0.337 0.097 0.014 0.095  0.6866
0.035 0.011 0.015 0.013 0.001 0.008 0.005 0.647 0.005 0.009 0.006 0.007 0.002 0.003 0.008 0.061 0.027 0.001 0.002 0.027 0.107  0.4822
0.049 0.053 0.041 0.046 0.001 0.023 0.063 0.031 0.021 0.085 0.047 0.048 0.016 0.038 0.044 0.082 0.039 0.007 0.063 0.065 0.137  0.9361
0.037 0.036 0.044 0.041 0.003 0.022 0.040 0.367 0.008 0.011 0.013 0.040 0.003 0.007 0.071 0.056 0.030 0.004 0.007 0.015 0.142  0.7530
0.011 0.005 0.009 0.010 0.739 0.004 0.007 0.011 0.004 0.005 0.006 0.006 0.002 0.006 0.007 0.015 0.010 0.001 0.007 0.006 0.128  0.3704
0.258 0.017 0.031 0.036 0.042 0.014 0.031 0.281 0.006 0.007 0.014 0.013 0.002 0.006 0.013 0.037 0.021 0.001 0.005 0.015 0.149  0.7121
0.045 0.101 0.040 0.061 0.008 0.076 0.064 0.048 0.017 0.018 0.062 0.048 0.013 0.010 0.018 0.068 0.061 0.004 0.014 0.037 0.186  0.8974
0.084 0.047 0.023 0.023 0.006 0.025 0.050 0.057 0.008 0.018 0.024 0.070 0.004 0.006 0.182 0.062 0.050 0.002 0.013 0.027 0.219  0.8316
0.021 0.042 0.144 0.065 0.003 0.026 0.036 0.216 0.017 0.011 0.016 0.051 0.005 0.012 0.013 0.053 0.038 0.003 0.020 0.009 0.199  0.8030
0.045 0.054 0.028 0.020 0.002 0.030 0.026 0.032 0.025 0.030 0.054 0.101 0.016 0.070 0.013 0.054 0.043 0.013 0.135 0.052 0.156  0.9054
0.029 0.006 0.006 0.005 0.003 0.006 0.004 0.010 0.002 0.010 0.016 0.005 0.003 0.015 0.645 0.017 0.017 0.001 0.060 0.019 0.121  0.4821
0.092 0.006 0.020 0.073 0.002 0.006 0.016 0.439 0.003 0.009 0.007 0.004 0.007 0.006 0.006 0.112 0.051 0.001 0.006 0.019 0.113  0.6445
0.034 0.008 0.002 0.002 0.001 0.005 0.004 0.046 0.001 0.125 0.052 0.002 0.012 0.019 0.001 0.007 0.013 0.003 0.011 0.539 0.113  0.5527
0.010 0.001 0.015 0.003 0.002 0.002 0.002 0.006 0.013 0.005 0.011 0.002 0.003 0.193 0.001 0.014 0.002 0.004 0.601 0.006 0.104  0.4449
0.128 0.001 0.005 0.002 0.005 0.005 0.003 0.011 0.002 0.021 0.010 0.001 0.015 0.001 0.001 0.069 0.549 0.001 0.002 0.066 0.104  0.5241
0.018 0.375 0.120 0.093 0.002 0.017 0.020 0.006 0.008 0.002 0.010 0.127 0.003 0.006 0.009 0.062 0.005 0.001 0.007 0.003 0.106  0.6741
0.012 0.000 0.002 0.000 0.001 0.001 0.000 0.001 0.000 0.131 0.074 0.001 0.013 0.002 0.005 0.003 0.041 0.000 0.001 0.602 0.109  0.4453
0.155 0.023 0.016 0.021 0.014 0.018 0.015 0.043 0.015 0.011 0.018 0.009 0.009 0.023 0.038 0.295 0.102 0.004 0.035 0.020 0.115  0.7860
0.108 0.051 0.057 0.029 0.002 0.032 0.049 0.011 0.065 0.004 0.017 0.076 0.009 0.034 0.036 0.157 0.039 0.002 0.086 0.018 0.117  0.8824
0.021 0.001 0.011 0.003 0.001 0.012 0.003 0.004 0.065 0.014 0.052 0.002 0.010 0.216 0.002 0.007 0.004 0.002 0.414 0.034 0.122  0.6078
0.041 0.138 0.021 0.005 0.004 0.021 0.017 0.007 0.014 0.097 0.201 0.041 0.034 0.011 0.001 0.041 0.053 0.003 0.031 0.093 0.126  0.8279
0.035 0.022 0.071 0.290 0.001 0.033 0.072 0.039 0.009 0.002 0.007 0.045 0.003 0.002 0.101 0.102 0.034 0.001 0.004 0.002 0.124  0.7635
0.003 0.001 0.001 0.004 0.001 0.001 0.002 0.001 0.001 0.001 0.005 0.001 0.001 0.069 0.001 0.002 0.002 0.763 0.009 0.001 0.128  0.2918
0.004 0.001 0.001 0.001 0.000 0.001 0.001 0.001 0.000 0.730 0.053 0.000 0.012 0.009 0.001 0.001 0.001 0.001 0.002 0.048 0.135  0.3244
0.039 0.092 0.075 0.062 0.004 0.079 0.111 0.011 0.027 0.019 0.056 0.110 0.010 0.007 0.001 0.040 0.035 0.004 0.019 0.027 0.171  0.8660
0.054 0.046 0.066 0.076 0.002 0.098 0.122 0.031 0.013 0.003 0.010 0.085 0.005 0.003 0.006 0.120 0.041 0.004 0.010 0.004 0.199  0.8165
0.031 0.015 0.111 0.002 0.003 0.052 0.024 0.006 0.049 0.091 0.013 0.057 0.010 0.013 0.001 0.019 0.138 0.001 0.027 0.109 0.227  0.8038
0.043 0.009 0.003 0.001 0.002 0.008 0.002 0.003 0.001 0.190 0.104 0.005 0.119 0.006 0.002 0.027 0.099 0.002 0.002 0.101 0.270  0.6923
0.065 0.053 0.051 0.028 0.003 0.035 0.043 0.069 0.009 0.006 0.012 0.061 0.003 0.004 0.010 0.045 0.022 0.004 0.004 0.011 0.462  0.6894
0.017 0.016 0.025 0.014 0.001 0.012 0.019 0.018 0.004 0.006 0.008 0.024 0.001 0.002 0.008 0.040 0.012 0.000 0.003 0.010 0.761  0.3899
0.002 0.003 0.034 0.003 0.000 0.003 0.003 0.002 0.003 0.001 0.004 0.004 0.000 0.001 0.002 0.005 0.002 0.000 0.003 0.003 0.921  0.1479
