52
18747
2607.461322
0.0545 0.0816 0.0447 0.0468 0.0175 0.0445 0.0750 0.0461 0.0221 0.0432 0.0760 0.0790 0.0149 0.0236 0.0289 0.0524 0.0449 0.0448 0.0251 0.0422 0.0921
0.002 0.005 0.002 0.000 0.000 0.001 0.002 0.002 0.001 0.087 0.085 0.004 0.016 0.012 0.003 0.002 0.003 0.001 0.004 0.043 0.725  0.3614
0.009 0.073 0.083 0.013 0.004 0.013 0.011 0.011 0.006 0.011 0.007 0.145 0.001 0.001 0.006 0.032 0.020 0.000 0.002 0.019 0.532  0.5684
0.010 0.194 0.034 0.006 0.004 0.018 0.012 0.020 0.031 0.006 0.006 0.258 0.006 0.005 0.009 0.023 0.021 0.002 0.006 0.007 0.325  0.6426
0.031 0.081 0.037 0.039 0.011 0.034 0.030 0.259 0.015 0.010 0.014 0.062 0.009 0.005 0.009 0.072 0.047 0.001 0.003 0.029 0.201  0.7946
0.061 0.120 0.033 0.023 0.003 0.031 0.043 0.026 0.025 0.015 0.027 0.144 0.011 0.006 0.187 0.050 0.035 0.002 0.009 0.021 0.127  0.8452
0.001 0.002 0.000 0.000 0.001 0.000 0.000 0.002 0.000 0.003 0.008 0.001 0.002 0.132 0.000 0.001 0.001 0.826 0.009 0.002 0.008  0.2162
0.014 0.012 0.034 0.022 0.004 0.008 0.012 0.012 0.002 0.004 0.014 0.024 0.004 0.001 0.003 0.265 0.551 0.001 0.001 0.004 0.007  0.4806
0.118 0.041 0.014 0.070 0.004 0.059 0.160 0.014 0.013 0.016 0.034 0.130 0.007 0.009 0.168 0.058 0.032 0.005 0.010 0.030 0.006  0.8343
0.070 0.017 0.019 0.123 0.003 0.069 0.497 0.009 0.019 0.010 0.016 0.040 0.005 0.006 0.006 0.038 0.021 0.004 0.007 0.015 0.004  0.6355
0.003 0.003 0.002 0.064 0.001 0.034 0.856 0.003 0.002 0.002 0.004 0.005 0.002 0.000 0.001 0.007 0.003 0.001 0.001 0.002 0.003  0.2273
0.004 0.009 0.032 0.627 0.003 0.027 0.117 0.003 0.032 0.024 0.014 0.024 0.004 0.002 0.001 0.007 0.031 0.000 0.002 0.034 0.002  0.5021
0.126 0.068 0.051 0.079 0.004 0.095 0.212 0.010 0.010 0.031 0.066 0.118 0.017 0.009 0.001 0.038 0.027 0.003 0.013 0.021 0.002  0.8235
0.092 0.138 0.018 0.008 0.008 0.065 0.034 0.002 0.009 0.091 0.222 0.157 0.034 0.013 0.001 0.019 0.039 0.003 0.010 0.035 0.002  0.7906
0.005 0.002 0.003 0.001 0.001 0.001 0.001 0.001 0.000 0.115 0.755 0.001 0.007 0.079 0.001 0.002 0.002 0.001 0.003 0.020 0.002  0.3058
0.039 0.123 0.007 0.005 0.010 0.026 0.062 0.004 0.010 0.136 0.253 0.105 0.047 0.025 0.001 0.017 0.028 0.004 0.021 0.075 0.001  0.7889
0.083 0.093 0.055 0.091 0.005 0.105 0.205 0.012 0.025 0.012 0.021 0.138 0.010 0.008 0.003 0.069 0.032 0.002 0.014 0.015 0.002  0.8173
0.275 0.007 0.006 0.002 0.014 0.019 0.011 0.123 0.008 0.045 0.296 0.028 0.030 0.024 0.001 0.023 0.017 0.007 0.033 0.028 0.005  0.7019
0.037 0.021 0.002 0.001 0.010 0.026 0.001 0.002 0.039 0.134 0.106 0.015 0.032 0.024 0.001 0.006 0.009 0.002 0.067 0.461 0.004  0.6343
0.116 0.086 0.069 0.037 0.006 0.099 0.165 0.025 0.024 0.018 0.044 0.146 0.016 0.009 0.005 0.070 0.030 0.001 0.010 0.018 0.005  0.8468
0.053 0.091 0.022 0.029 0.005 0.109 0.153 0.013 0.013 0.047 0.072 0.204 0.028 0.008 0.005 0.039 0.052 0.002 0.005 0.037 0.011  0.8369
0.011 0.015 0.045 0.012 0.030 0.022 0.019 0.013 0.161 0.030 0.094 0.023 0.020 0.139 0.005 0.022 0.013 0.013 0.260 0.027 0.025  0.8056
0.018 0.021 0.025 0.023 0.002 0.018 0.024 0.670 0.005 0.005 0.010 0.037 0.004 0.003 0.054 0.041 0.018 0.001 0.003 0.005 0.015  0.4942
0.050 0.058 0.098 0.042 0.014 0.030 0.066 0.036 0.028 0.032 0.044 0.082 0.014 0.028 0.105 0.065 0.109 0.004 0.026 0.035 0.034  0.9383
0.016 0.048 0.050 0.031 0.006 0.024 0.025 0.138 0.018 0.046 0.021 0.081 0.006 0.008 0.013 0.047 0.015 0.002 0.005 0.022 0.379  0.7467
0.034 0.123 0.232 0.112 0.016 0.056 0.017 0.010 0.025 0.006 0.010 0.177 0.002 0.007 0.028 0.092 0.023 0.002 0.005 0.012 0.009  0.7785
0.004 0.002 0.003 0.001 0.002 0.001 0.000 0.003 0.001 0.003 0.008 0.002 0.002 0.040 0.002 0.003 0.002 0.901 0.016 0.003 0.002  0.1771
0.099 0.063 0.064 0.053 0.009 0.044 0.072 0.034 0.014 0.021 0.011 0.146 0.010 0.005 0.020 0.164 0.108 0.003 0.004 0.052 0.002  0.8505
0.082 0.064 0.022 0.052 0.003 0.079 0.147 0.010 0.015 0.037 0.115 0.180 0.020 0.017 0.004 0.047 0.050 0.003 0.016 0.037 0.001  0.8474
0.013 0.002 0.001 0.001 0.006 0.002 0.000 0.002 0.001 0.616 0.056 0.003 0.022 0.012 0.001 0.005 0.003 0.000 0.002 0.249 0.002  0.3891
0.533 0.012 0.006 0.004 0.013 0.023 0.018 0.037 0.005 0.004 0.018 0.025 0.002 0.003 0.015 0.234 0.021 0.001 0.001 0.022 0.003  0.5317
0.102 0.088 0.047 0.058 0.006 0.090 0.137 0.022 0.014 0.012 0.034 0.192 0.012 0.007 0.013 0.102 0.037 0.002 0.011 0.011 0.003  0.8321
0.070 0.069 0.033 0.021 0.021 0.064 0.086 0.012 0.091 0.041 0.111 0.082 0.040 0.079 0.002 0.042 0.020 0.002 0.072 0.038 0.005  0.9156
0.016 0.002 0.003 0.006 0.004 0.002 0.002 0.004 0.002 0.125 0.314 0.004 0.149 0.147 0.000 0.008 0.008 0.001 0.010 0.188 0.004  0.6214
0.024 0.031 0.054 0.026 0.003 0.040 0.057 0.170 0.014 0.007 0.016 0.067 0.004 0.007 0.323 0.040 0.024 0.001 0.006 0.023 0.064  0.7676
0.019 0.038 0.130 0.048 0.005 0.022 0.022 0.391 0.023 0.004 0.011 0.042 0.004 0.007 0.010 0.069 0.132 0.002 0.007 0.007 0.007  0.7007
0.006 0.792 0.001 0.001 0.002 0.002 0.002 0.001 0.015 0.003 0.005 0.137 0.001 0.008 0.003 0.004 0.002 0.003 0.004 0.003 0.003  0.2738
0.011 0.012 0.097 0.026 0.015 0.006 0.005 0.011 0.009 0.010 0.013 0.014 0.006 0.003 0.015 0.280 0.446 0.001 0.005 0.011 0.004  0.5679
0.174 0.046 0.046 0.130 0.005 0.023 0.068 0.128 0.013 0.015 0.015 0.035 0.006 0.004 0.145 0.073 0.021 0.007 0.009 0.034 0.003  0.8291
0.055 0.094 0.109 0.057 0.005 0.050 0.058 0.023 0.020 0.042 0.037 0.186 0.014 0.017 0.010 0.062 0.047 0.007 0.019 0.084 0.003  0.8829
0.085 0.009 0.030 0.101 0.003 0.508 0.079 0.014 0.012 0.006 0.004 0.008 0.022 0.003 0.001 0.098 0.009 0.001 0.002 0.004 0.002  0.5857
0.016 0.002 0.000 0.001 0.564 0.002 0.001 0.002 0.001 0.135 0.091 0.001 0.004 0.004 0.002 0.004 0.006 0.000 0.004 0.159 0.002  0.4512
0.035 0.396 0.009 0.002 0.008 0.046 0.029 0.008 0.016 0.021 0.046 0.241 0.025 0.025 0.002 0.047 0.006 0.007 0.014 0.016 0.002  0.6689
0.040 0.043 0.172 0.135 0.004 0.072 0.186 0.014 0.031 0.017 0.048 0.068 0.011 0.011 0.001 0.066 0.030 0.001 0.029 0.019 0.002  0.8264
0.007 0.654 0.002 0.002 0.004 0.021 0.007 0.001 0.129 0.002 0.004 0.102 0.001 0.017 0.002 0.003 0.003 0.002 0.028 0.003 0.003  0.4253
0.039 0.002 0.002 0.001 0.006 0.002 0.001 0.002 0.006 0.008 0.015 0.002 0.003 0.122 0.000 0.005 0.002 0.479 0.277 0.010 0.017  0.4923
0.020 0.143 0.113 0.014 0.018 0.090 0.045 0.006 0.062 0.045 0.066 0.101 0.021 0.038 0.001 0.030 0.047 0.003 0.056 0.038 0.043  0.9003
0.026 0.093 0.235 0.032 0.006 0.058 0.047 0.020 0.031 0.013 0.028 0.144 0.007 0.009 0.001 0.064 0.059 0.003 0.030 0.013 0.080  0.8336
0.022 0.024 0.022 0.004 0.017 0.025 0.009 0.005 0.087 0.066 0.190 0.032 0.031 0.034 0.002 0.042 0.040 0.004 0.135 0.086 0.123  0.8492
0.009 0.009 0.006 0.003 0.007 0.017 0.010 0.005 0.005 0.059 0.432 0.014 0.032 0.053 0.003 0.012 0.012 0.004 0.021 0.060 0.227  0.6307
0.026 0.084 0.102 0.130 0.011 0.017 0.012 0.011 0.011 0.002 0.005 0.097 0.004 0.003 0.004 0.065 0.008 0.000 0.004 0.003 0.400  0.6655
0.010 0.005 0.011 0.007 0.002 0.006 0.007 0.006 0.003 0.002 0.003 0.013 0.001 0.002 0.310 0.015 0.006 0.000 0.001 0.002 0.589  0.3841
0.007 0.006 0.035 0.056 0.001 0.015 0.041 0.035 0.003 0.001 0.001 0.010 0.001 0.002 0.002 0.035 0.010 0.000 0.001 0.001 0.736  0.3880
